# Fix print output for fix writeZ
66.843 -537.894048846143 62.0685
64.691536711466 -537.375259565358 62.0911102865177
62.6560385638938 -407.023414111271 62.1132750230551
61.3738395112206 -270.803502594926 62.1348184258525
60.4160486953991 -239.26569646306 62.1555615209208
59.1437608758462 -371.312395466212 62.1753250819749
57.7209136143551 -290.242756361031 62.1968658599262
56.6853474016471 -153.408207690883 62.2197050571543
56.6599565846028 27.4984544767787 62.2443728951247
56.934040973692 109.383246778026 62.2713044797146
56.9158460997489 -86.0585935097195 62.300672406999
56.2523680443969 -294.257176870347 62.3323677110696
55.0581717449756 -294.244097626799 62.3660814408309
53.7687291092478 -338.227133718041 62.4014035324199
52.5252014150241 -278.048538673926 62.4379366200806
51.3315518660404 -345.376217764276 62.4754036324008
50.1879495690713 20.2290217543442 62.5137195725409
51.0378265754978 245.235462705251 62.5528710053956
51.7258746220467 -104.306890453427 62.5926891063488
50.6807177845983 -299.690246439467 62.6328037045243
49.4211492626229 -297.370190523602 62.6726514822914
48.313027096842 -235.463302689135 62.7116114439821
47.8140939993916 -89.1190098147746 62.7491289643181
47.3236752882561 -168.971633224438 62.7847436365984
47.2597704430104 198.275516878077 62.8181041841377
48.0721858749272 179.03657278528 62.8489697657381
48.7283215290932 96.7709354765397 62.8771916664822
48.558383859116 -96.0251965860191 62.9026738679279
48.0391329073451 -196.86816336591 62.9253569692824
47.1105328605016 -229.306086472945 62.9452110215021
46.3629484360508 -149.715513887366 62.9623657546401
45.8134899511113 -142.420253837159 62.9866225659606
45.2379425209615 -104.382575342129 63.0079516689128
45.0520933085084 -12.647423996622 63.0262620041542
45.1397319787539 75.6664295706199 63.0414193051932
45.5822064226161 130.362112972094 63.0532445536603
46.1364876348213 144.096666994703 63.0615360501115
46.7314912801924 143.492266526795 63.0661243494154
47.0218557624738 -32.4830612686047 63.0668989851568
46.693406201154 -92.5415369903999 63.0638649940605
46.4085438160751 -54.4580456158444 63.0617576882293
46.2139655340071 -42.6030073763921 63.0625132345708
46.1102940573126 -5.97305081399141 63.0606325021661
46.1195968460601 -5.89694635823182 63.0562903495249
45.9913320959345 -48.2222730913658 63.0524159039692
45.8727259552654 3.66524681631352 63.0509818396652
46.0378339878697 69.000419903807 63.0483166192637
46.3004287967912 46.9915358840022 63.053236427297
46.3804967527554 -0.351469928149223 63.0801662322301
46.3545318934445 -9.34919454237211 63.104676402742
46.3030634692391 -16.8553015213332 63.1270019348453
46.2321932214499 -16.8240659714509 63.147389967035
46.167151202416 -16.7997279312395 63.1660680102651
46.0961374101301 -17.6436603391986 63.1832270961483
46.031688584356 -14.9772287931985 63.1990219299021
45.96819786321 -17.3132784528656 63.2135703378239
45.8934782405964 -20.01471841136 63.2269608595255
45.8188186670754 -12.0009073300887 63.2392580135268
45.8720243179684 46.1262943226765 63.2505075886996
46.1922295839347 107.075492252477 63.2607406982783
46.6450028825425 112.213841944706 63.2699767796907
47.0009088718783 53.5883175717269 63.2782258537762
47.0421966087751 -27.8235856954166 63.2854902528127
46.8633885787597 -53.3148243725761 63.2917660239347
46.604222492016 -79.4560652390069 63.2970452888175
46.2931101333 -57.6009072824191 63.3013191008617
46.248597581797 36.278091523671 63.3045781963695
46.4898408282057 66.0544075192924 63.3068130042524
46.6808174732219 27.550192213309 63.3080130031781
46.7142421464248 -9.78087045359508 63.3081656809159
46.6361117752103 -21.1169546123509 63.3072549913639
46.6095244220607 12.6214850705936 63.3052589735974
46.7448170814633 53.6038485434691 63.3021464605105
47.0104886881616 73.4102338561063 63.2978725112733
47.2799164918045 56.4413581644534 63.2923720533751
47.4466308769625 26.3006754311593 63.2855514519776
47.4918729532886 -2.04918605308457 63.2772776142694
47.4864680754483 11.1855794704363 63.267364053939
47.6484554587017 70.0923904762973 63.2555530902878
47.9825914111639 80.6964723320557 63.2414929179896
48.1873330503051 15.2695646653554 63.2247320351182
48.1083359938093 -46.6115678318957 63.2048177523143
47.9076602463698 -47.2406581648064 63.1993291202145
47.7366653649437 -39.0885262714495 63.2262702226827
47.588036734831 -35.5674528953491 63.2495121377276
47.470148626214 -17.4658427098492 63.2689500290578
47.5062335473477 40.3294560355905 63.2844978187488
47.7828978192541 90.539099681995 63.2960859610864
48.1338042772933 69.1131521237038 63.3036698364034
48.2404813201317 -19.8212890347224 63.3072433410704
48.0202639379024 -76.571971341174 63.3068566125352
47.7122028269112 -75.5242949419056 63.302636159231
47.4378755839272 -52.66628337602 63.2947845337733
47.3569361442755 14.4100788526555 63.283540532768
47.5150852545958 54.6903598326655 63.2691582279288
47.7425845782743 58.0397678121066 63.2518954410096
47.9761316807522 58.6813560877201 63.2320035487705
48.2164250920789 60.7211997873253 63.2097186385734
48.4217998979249 34.9657100547743 63.1954822576432
48.4684136397993 -9.67071004482053 63.1942314158837
48.3936610108195 -21.5884740603178 63.193769432287
48.300976424399 -27.8083627750969 63.1932606984258
48.1523444969141 -46.4307283292056 63.1902416028247
47.952862619254 -50.2268692356371 63.1847612662786
47.7576726353397 -47.1653017795204 63.1768900256164
47.5817909069225 -39.4075187752132 63.1667140033954
47.447446597943 -28.291877727093 63.154330940529
47.3445062515346 -24.8767329177608 63.13984587004
47.2371146464262 -29.013918309444 63.1494090080398
47.1370179204335 -13.02871690841 63.1565826372986
47.1881216645722 40.8329479707849 63.1608441162326
47.430105325006 70.9272072948107 63.1622399422255
47.7059398124313 65.5692785468471 63.1608385910892
47.9393640848619 49.5037792154794 63.1586958140374
48.109929157991 36.2018545199416 63.1594837847311
48.1820617085287 -8.62892115775315 63.1578815609354
48.0110391844885 -73.6110581745119 63.1569124621898
47.6655230405787 -88.7781838095436 63.159993385791
47.3485319177361 -65.9874965878781 63.161182438287
47.1429800347583 -36.4391463001845 63.1604890366259
47.0837717773488 10.5247367547512 63.157942480058
47.2335440603388 60.859203207689 63.1535935481261
47.5168591657654 74.5078088744228 63.1475159600878
47.8146883067264 72.2451683679128 63.1567014280746
48.019440595106 18.6278332483942 63.1743342154948
47.921838711684 -63.7129960442032 63.1893253968309
47.5926273023509 -88.6408492342594 63.2016239817822
47.2587372820922 -74.4240676657557 63.2112074395555
47.0569362470063 -19.3002083301824 63.2180825707034
47.117196800007 44.2717316824175 63.2222849396207
47.3382613489317 57.3143668477556 63.2238768597018
47.5545246659766 52.7785605189572 63.2229440337155
47.768108967192 54.1057458073716 63.2247703955444
47.975860537009 43.4279677148325 63.2348049089906
48.0469324872757 -13.8122850186422 63.2436136995676
47.8827611625951 -58.0703705184374 63.2512005046818
47.6682839399413 -44.4465768875985 63.2575844264276
47.5380153840864 -21.4093327589266 63.2628001212612
47.4754399583704 -10.5687498911447 63.2668980629689
47.4702738031515 9.5286564968245 63.2699451141943
47.542753205521 23.1063184695617 63.2720286132419
47.6251320668147 17.6690369920894 63.2732521868442
47.7224373241654 36.2872197790912 63.2737270017209
47.9334789287667 66.3792786120852 63.273561973587
48.174705499233 43.1327636544894 63.2728537448488
48.2246521531239 -18.4192830959025 63.2716774116864
48.0823035369688 -42.8998099405125 63.2700790374176
47.9027017633033 -50.1089172256668 63.2680708144984
47.6747955908425 -58.3415436146394 63.2656294397932
47.5246689318434 -7.20375169971095 63.2626978824134
47.6411318464138 60.6975576060883 63.2591903210941
47.9098079366549 57.939243883822 63.2549996721924
48.0480545320461 13.328330301879 63.2500068644967
48.0657557156568 2.66481571318786 63.2440907220397
48.0637464445955 -11.5034115218666 63.2371368848283
47.9236079131468 -58.7552997740403 63.229045960229
47.6784334653109 -46.9764884970937 63.2197402100431
47.6435282256705 31.0629737442951 63.209165042681
47.8525196644632 57.8335673212818 63.1972902801426
48.0162491943471 22.4319123827767 63.1841137577019
48.0612010498249 5.73251196766796 63.1696639469824
48.0769103464478 -1.96770636750849 63.154000957699
48.0079261189507 -34.8982733631447 63.1372162586168
47.8390983038383 -37.7584458887242 63.1194311126422
47.7901578599792 18.1944725633563 63.1007938321979
47.9493032287468 48.5017561109412 63.1022253120746
48.0660684306246 0.738479874222725 63.1083565570239
47.9636145784486 -41.8034970574383 63.1133236736827
47.8295891386571 -17.3999170958206 63.1171286010764
47.817477174883 6.26309467766293 63.1197924661483
47.8477439679809 7.23489959215798 63.1562094234206
47.8643287546528 -2.11446904614391 63.1924828457461
47.7975133892605 -33.9702895914977 63.2269642018769
47.6286275728595 -39.737319536515 63.2594188750314
47.5545016841105 6.69818792555557 63.2896417489613
47.6579269324659 36.4217700018789 63.3174542494005
47.7739068669529 16.8888964116632 63.3427089237241
47.8014245798193 -0.448617331528743 63.3652943965978
47.7810480752002 -8.53180426249891 63.3851338470317
47.7657493235055 7.55720081237971 63.4251527811919
47.8806992429201 50.5623602482747 63.4659852377704
48.0992170644557 42.3584437172835 63.5042652329341
48.130874429174 -28.2972692623763 63.5398276024712
47.9316970051398 -57.472410507638 63.5725175766957
47.7529800835244 -29.6089936333861 63.6021968511465
47.6806981979247 -11.3549829753245 63.628750035617
47.6247540342952 -19.0031455145647 63.6520906158003
47.5245616425262 -29.5880921034512 63.6721665143349
47.4210541825431 -15.3844675346248 63.6896214097671
47.4375478370372 23.8607058719525 63.713377719227
47.5788239485683 40.3389487250212 63.7339637913859
47.730164726142 34.8337139701198 63.7513469738121
47.8572398107882 28.7420369032166 63.7655202878458
47.9614228249434 23.4915673171526 63.7764971379234
48.0501499380951 21.1872647703592 63.7843123659872
48.1235359866111 11.887833734234 63.789028489458
48.1007560349554 -27.2270565147449 63.7907469025382
47.9110037392544 -62.3138107964584 63.7896223469923
47.6510719391872 -64.0584052918299 63.7858550348132
47.419504222978 -50.3418776390119 63.7796494059043
47.2490155850655 -36.0917526752527 63.7712064179847
47.1232977153927 -25.8376124125334 63.7607222181418
47.076603462742 6.76542251853317 63.74837584119
47.1810378108047 41.0893794456846 63.7343180048859
47.3509632374143 39.5292008710263 63.7186658584896
47.4980563403405 35.7238181100148 63.7015221850345
47.6464224603913 38.6982472430681 63.7160664293217
47.7983327978465 31.9310483518632 63.735952688796
47.8450016707989 -12.92530762558 63.7553904286058
47.7158735033227 -42.1981501084938 63.7743630966652
47.5883291682852 -16.8633988430612 63.7928420081062
47.558653737437 -3.47423515209803 63.8107858515637
47.531330048251 -11.68912884176 63.828140957243
47.4581947738713 -25.4246348396713 63.8448421685675
47.3387930165781 -29.4943785004542 63.8608133292644
47.2553668112843 -10.7362029473481 63.8759683072699
47.2491031761261 5.77344105433418 63.8902130639344
47.2732409214107 2.59937131201323 63.9034485046259
47.2858722066047 10.1525358439519 63.9155740327404
47.4023353662772 50.6371746354875 63.9264911508153
47.6614102568347 71.0860734194236 63.9361045737366
47.9304558871667 59.7134331923752 63.9443230952197
48.0817636306313 9.71113453459781 63.9510614091271
48.0044727258247 -43.4371938140107 63.9562417444727
47.7897560795102 -59.0620404977518 63.959795233054
47.5432182878446 -63.9117251862853 63.9616629912696
47.2800571115532 -65.6230225914768 63.961796413604
47.0662878444402 -33.8396120406323 63.9601518879319
47.0413438403837 22.1228429904822 63.9566864064517
47.2245936546755 63.5003449883915 63.9513608291975
47.4940151328822 67.4328246923817 63.9441459749647
47.7568233348614 63.9659080662903 63.9350324473551
47.9993341670031 54.9275799090857 63.9240412864847
48.1634059142763 23.2216886321683 63.9112308830962
48.1708734548017 -18.8694773139104 63.8967028395472
48.0337928754536 -45.8365767366661 63.8806060755876
47.8255458217689 -56.6808905816454 63.8631387260709
47.6007839170784 -49.1611219505297 63.8445367479596
47.4938969548785 0.652858666157315 63.8249874937128
47.5972705351035 44.2093651541566 63.8045685640325
47.7851247262346 46.3431452964982 63.7832531610004
47.9496406310145 29.3567955338619 63.760913577542
47.9680803950431 -23.1080983263965 63.7373279366903
47.7748487971369 -68.3799777216043 63.7122647955388
47.4829744565777 -70.0275985004889 63.7083451358272
47.2401119802189 -51.1912824730165 63.7112637710299
47.090046943851 -18.8262216196 63.7131246545754
47.1217881157957 34.9048210988229 63.7139176712856
47.3319773026287 62.5756756996148 63.7136402269688
47.5783888008908 59.2306111068069 63.7122978473772
47.8030198338138 52.8184777482018 63.7099046337116
47.9745408760383 26.9783194673736 63.7064836517367
47.9913371689419 -18.0260012506663 63.7020734319683
47.8586472857437 -43.1815914473839 63.6967456727991
47.6730587501096 -49.4244437451932 63.6906082036247
47.4614640361915 -56.4292142274182 63.6872941602138
47.2263875388174 -59.2726042949428 63.7082035867069
47.0309480857316 -31.7178410647104 63.7283070418477
46.9977800127591 13.7347220071396 63.7473026901543
47.1034480006344 33.9523339219028 63.7648673857276
47.2618974602417 46.8266403364401 63.7806647744894
47.4754016865071 57.7107715311825 63.7943558130909
47.7126450501903 60.7601836455065 63.8056320585119
47.950233014549 54.1119813244087 63.814262995422
48.1041565661375 19.3051909414146 63.8200966705961
48.1013006381263 -18.5153156732627 63.82304709683
47.9802226907113 -39.5901155597207 63.8230817095218
47.7982826805315 -49.4017162220788 63.8202102043636
47.6010826589642 -47.6635036912491 63.8144750546621
47.4222513546287 -41.7012592854727 63.8059423653375
47.2687738724132 -34.3727177275819 63.7946938325113
47.1640633920379 -14.7705245324932 63.7808211978017
47.1732383539125 20.6657259482086 63.7644219785247
47.3130993888084 44.5322717424901 63.745596338379
47.505443550831 51.7388023289963 63.7537174948922
47.7331700744211 62.7052722403912 63.7646368999436
48.0132268448284 77.6817009861642 63.7745597187783
48.3234028114236 65.9784169518553 63.7833661234063
48.4709063165638 4.60403304388982 63.7909456204801
48.3758267805857 -46.4632359908704 63.7972002717818
48.1480261671022 -63.2078700790308 63.8020464406599
47.9009319769566 -55.8328609030156 63.8054152317268
47.7109908333067 -39.9757134948655 63.8072467971494
47.5746670610721 -28.3151543090185 63.8074758832377
47.503666213711 -2.92087115881579 63.80603020881
47.5776143185462 40.3255261338219 63.8028347974009
47.8032696035528 68.1635141605635 63.7978173425483
48.0841097820111 62.0391270211274 63.790914525957
48.196814190206 -13.1712820448533 63.7820793363694
47.9897982688467 -80.2814637944615 63.7712900761666
47.6606182973338 -73.3923192874266 63.7585613287038
47.4683738723244 -19.2545266669168 63.7439433277428
47.4885476780595 22.714125304087 63.7275157217178
47.6004513659182 30.9448224434282 63.7093783926479
47.7307084413573 33.8757491618569 63.6896378019956
47.8702764446967 35.9764105762445 63.6683944871529
48.0186528086726 37.9981328370432 63.6457292890092
48.1661019123426 33.5984103683656 63.6217172388957
48.2726360885206 19.205373988809 63.5964451072831
48.3258428590973 7.86293061583189 63.5700139311588
48.3159057360666 -16.590673578026 63.5425434335278
