# Fix print output for fix writeZ
66.843 -537.894048846143 62.0685
64.6914238045672 -537.887908338283 62.0911102865177
62.5654477080526 -515.169829127561 62.1132750230551
60.7831273442112 -307.349434480141 62.1348184258525
59.5416495961949 -372.843560829631 62.1555615209208
58.1828669365004 59.9858028814183 62.1753250819749
59.5694418185937 346.092693681444 62.1968658599262
60.7136424384116 276.310127346325 62.2197050571543
62.1163693581052 369.800288341568 62.2443728951247
63.7232045542228 419.185771305266 62.2713044797146
65.4123839260524 423.304116857986 62.300672406999
67.1056003934843 423.304116857986 62.3323677110696
68.7988168609161 423.304116857986 62.3660814408309
70.492033328348 423.304116857986 62.4014035324199
72.1852497957798 423.304116857986 62.4379366200807
73.8784662632117 423.304116857986 62.4754036324008
75.5716827306435 423.304116857986 62.5137195725407
77.2648991980754 423.304116857986 62.5528710053955
78.9581156655072 423.304116857986 62.5926891063498
80.6513321329391 423.304116857986 62.63280370453
82.3445486003709 423.304116857986 62.6726514823103
84.0377650678028 423.304116857986 62.7116114440333
85.7309815352346 423.304116857986 62.7491289644401
87.4241980026665 423.304116857986 62.7847436368601
89.1174144700984 423.304116857986 62.818104184647
90.8106309375302 423.304116857986 62.8489697666461
92.5038474049621 423.304116857986 62.8771916679636
94.1970638723939 423.304116857986 62.9026738701343
95.8902803398258 423.304116857986 62.9253569722982
97.5834968072576 423.304116857986 62.9452110253867
99.2767132746895 423.304116857986 62.9623657546401
100.969929742121 423.304116857986 62.9866225659607
