# Fix print output for fix writeZ
66.843 -537.894048846143 62.0685
64.6916722938887 -537.025550412974 62.0911102865177
62.804838206815 -182.381294541631 62.1132750230551
63.0663950469053 146.665051038597 62.1348184258525
64.0528987160913 296.066065111752 62.1555615209208
65.2448138314874 298.326752140819 62.1753250819749
66.4381208400507 298.326752140819 62.1968658599262
67.6314278486139 298.326752140819 62.2197050571543
68.8247348571771 298.326752140819 62.2443728951247
70.0180418657404 298.326752140819 62.2713044797146
71.2113488743036 298.326752140819 62.300672406999
72.4046558828669 298.326752140819 62.3323677110696
73.5979628914301 298.326752140819 62.3660814408309
74.7912698999933 298.326752140819 62.4014035324199
75.9845769085566 298.326752140819 62.4379366200806
77.1778839171198 298.326752140819 62.4754036324008
78.3711909256831 298.326752140819 62.5137195725409
79.5644979342463 298.326752140819 62.5528710053956
80.7578049428095 298.326752140819 62.5926891063488
81.9511119513728 298.326752140819 62.6328037045243
83.144418959936 298.326752140819 62.6726514822914
84.3377259684992 298.326752140819 62.7116114439821
85.5310329770625 298.326752140819 62.7491289643181
86.7243399856257 298.326752140819 62.7847436365984
87.917646994189 298.326752140819 62.8181041841378
89.1109540027522 298.326752140819 62.8489697657381
90.3042610113154 298.326752140819 62.8771916664822
91.4975680198787 298.326752140819 62.9026738679279
92.6908750284419 298.326752140819 62.9253569692824
93.8841820370051 298.326752140819 62.9452110215021
95.0774890455684 298.326752140819 62.9623657546401
96.2707960541316 298.326752140819 62.9866225659606
97.4641030626949 298.326752140819 63.0079516689128
98.6574100712581 298.326752140819 63.0262620041542
99.8507170798213 298.326752140819 63.0414193051932
101.044024088385 298.326752140819 63.0532445536603
