# Fix print output for fix writeZ
66.843 -537.894048846143 62.0685
64.6914238046155 -537.89404701308 62.0911102865177
62.5611029271451 -519.701912185218 62.1132750230551
60.9913878278462 -103.73670954831 62.1348184258525
60.9399868938503 227.503265768313 62.1555615209208
62.47766312974 421.512184254157 62.175325081975
64.26713076586 458.297320442158 62.1968658599262
66.1023785681627 458.83892434016 62.2197050571543
67.9377342655232 458.83892434016 62.2443728951247
69.7730899628837 458.83892434016 62.2713044797146
71.6084456602442 458.83892434016 62.300672406999
73.4438013576048 458.83892434016 62.3323677110696
75.2791570549653 458.83892434016 62.3660814408309
77.1145127523258 458.83892434016 62.4014035324199
78.9498684496863 458.83892434016 62.4379366200806
80.7852241470468 458.83892434016 62.4754036324008
82.6205798444073 458.83892434016 62.5137195725409
84.4559355417678 458.83892434016 62.5528710053956
86.2912912391283 458.83892434016 62.5926891063488
88.1266469364889 458.83892434016 62.6328037045243
89.9620026338494 458.83892434016 62.6726514822914
91.7973583312099 458.83892434016 62.7116114439821
93.6327140285704 458.83892434016 62.7491289643181
95.4680697259309 458.83892434016 62.7847436365984
97.3034254232914 458.83892434016 62.8181041841377
99.1387811206519 458.83892434016 62.8489697657381
100.974136818012 458.83892434016 62.8771916664821
