# Fix print output for fix writeZ
66.843 -537.894048846143 62.0685
64.6914285358815 -537.831215080812 62.0911102865177
62.575655931158 -504.855200082312 62.1132750230551
60.7743677506734 -336.594791740827 62.1348184258525
59.4645601283491 -357.691958476434 62.1555615209208
58.0364699926526 -229.62203104899 62.1753250819749
57.2986763691261 -222.948205244694 62.1968658599262
56.4806300944152 -270.121514392413 62.2197050571543
55.0414270500244 -358.821682165946 62.2443728951247
53.7634239113515 -316.21788847654 62.2713044797146
52.1662969460245 -426.935456229087 62.300672406999
51.6488029077806 78.2365059881424 62.3323677110696
50.6869604621433 -408.660568961793 62.3660814408309
50.458864729417 230.793087548484 62.4014035324199
51.4235055359164 259.870031885893 62.4379366200806
51.9292417878626 -71.0958774396907 62.4754036324008
51.9629938050085 158.48535984998 62.5137195725409
52.7122208823099 191.583601347164 62.5528710053956
53.246654433202 -65.7862159456643 62.5926891063488
52.5226780100777 -197.95365009196 62.6328037045243
51.7966330508396 -107.212149233963 62.6726514822914
51.9382142228355 78.1837873864267 62.7116114439822
52.2714081098198 118.838325296711 62.7491289643183
52.7733734934077 105.3762342204 62.7847436365988
53.4494019383163 207.215665091702 62.8181041841388
54.0154097759337 110.871456859546 62.8489697657409
54.5346126272984 182.555441537321 62.8771916664892
55.2587975673959 165.086374016052 62.9026738679451
55.9666986267668 163.862257576386 62.9253569693223
55.9877384261553 -125.216534228523 62.9452110215896
55.4953038573736 -112.239265218398 62.9623657546401
55.274448003196 14.0749194800928 62.9866225659606
55.2894657259071 -44.4203119115002 63.0079516689128
55.1618221025565 16.1498345805818 63.0262620041542
55.3445177052722 35.1326719603938 63.0414193051932
55.2674806695738 -46.1045666956913 63.0532445536603
55.1182725590214 -38.396201310628 63.0615360501115
54.8617618260632 -73.2082556824765 63.0661243494154
54.651572673835 -30.7878463156699 63.0668989851568
54.4605215945636 -87.0113292970302 63.0638649940605
53.9549802208935 -129.410652747875 63.0617576882293
53.7332886202422 23.8375416733321 63.0625132345708
53.9562463703566 64.6718815054144 63.0606325021661
54.2328423043256 75.8448964275473 63.056290349525
54.4743819150031 34.0050657519314 63.0524158781208
54.549502867273 20.9936731855403 63.0509818023556
54.7719500663159 98.020434966703 63.0483165658479
55.2189498962969 91.9345873299289 63.053236479269
55.3430266403392 -20.3040760741911 63.08016630204
55.1975618380069 -43.3724838339905 63.1046764958669
54.9608610221479 -86.9522190431529 63.1270020584407
54.4528770654854 -157.771109761967 63.1473901303794
53.8590535079116 -122.913831527354 63.1660682251736
53.5072152310884 -47.5983083617446 63.1832273774953
53.5668145159891 83.390371596294 63.19902229639
54.0562985376635 141.288916570334 63.2135708128306
54.6482614555399 153.562249576205 63.2269614725497
55.1805759955007 100.996424467732 63.2392588016739
55.468545765045 51.9300597810948 63.2505085981956
55.5938402700174 -2.79196830939748 63.2607419861689
55.4009995632408 -78.3801122884685 63.2699784157156
55.1991300557848 -9.23283100548921 63.2782279224022
55.2519917054735 19.6936236068386 63.2854928554435
55.3125067004007 11.1677873176796 63.2917692812857
55.3280670434117 -7.15020455988088 63.2970493431959
55.2833033900061 -1.44489114438958 63.3013241186507
55.3893878582218 50.7865973164758 63.3045843706697
55.6198596160821 59.682096085205 63.3068205581792
55.8043846365217 17.8535620280378 63.3080221936719
55.6899142932628 -67.2240294507447 63.3081768037241
55.4154183647825 -53.3159585275297 63.3072683985769
55.2775235057847 -22.799346024856 63.3052750950391
55.1991668585841 -17.60082148936 63.3021658188604
55.1259182999511 -21.2570465808744 63.2978957384643
55.0219559677415 -29.4755424822459 63.2923999086132
54.9267554932925 -12.5049408866756 63.2855848417541
54.935522397963 13.70739383737 63.2773176151398
55.054807500423 49.8647272622943 63.2674119392998
55.3310728580013 84.8906557319754 63.2556103627655
55.6956018924212 91.6274564124494 63.2415613491904
55.9563631570831 22.284537121768 63.2248137549954
55.8185189562669 -85.6207245650207 63.2049154050737
55.4199876166844 -84.6070010374207 63.1993289235337
55.2788314794653 18.7753676864252 63.2262699870656
55.51556231946 83.7093292929611 63.2495118565443
55.8554505692407 84.7718902564113 63.2689496939626
56.1825167507622 74.3128156779091 63.2844974191417
56.3916133733244 26.475422081295 63.2960854834385
56.4170241920524 -7.65436877298179 63.3036692635045
56.3599647701155 -22.0011866618421 63.3072426511795
56.2016419654094 -61.8955882944272 63.3068557780401
55.8625294892125 -101.087710587396 63.3026351456103
55.4665139371665 -88.5615823661464 63.2947832993038
55.2493729778 -8.6275720895111 63.2835390285166
55.4454218975215 102.711828332457 63.2691563974004
55.9402973577559 113.543703700529 63.2518932184118
56.157421016315 -17.6371891953626 63.2320008577017
55.8454395503113 -119.482437863148 63.209715390683
55.4363345999938 -57.8362180779313 63.1934616926602
55.4693745368786 68.5935427924159 63.1920146152045
55.875143145076 117.636951422219 63.1937352166898
56.2492120569716 48.2479294925948 63.1932192759292
56.1741950575194 -77.8113483926358 63.1901917897584
55.7751548254994 -101.415848600742 63.1847018168488
55.4928131576576 -26.4874469077955 63.1768196350122
55.6034050484547 74.4673037384356 63.1666313086714
55.9670487301249 96.1823641083086 63.1542345188318
56.3253363192751 70.8108550607531 63.1397342385602
56.4355896442607 -22.9482625562316 63.1452110454759
56.1663405973758 -99.4276018294088 63.1524054466752
55.7504172252122 -102.033441955786 63.1567086887494
55.4349983714412 -41.9518409994414 63.1581677981634
55.4630287458785 52.8025268860943 63.1602227670019
55.770971083423 87.8223894828287 63.1635925795178
56.1233330774632 86.2167464493167 63.1645407828237
56.4088786717909 46.5255391824529 63.1640487417546
56.4543330495036 -21.8786072288336 63.1692479391311
56.2953369753633 -47.1281165165978 63.172537126772
56.1331564033528 -32.2659055822705 63.1739050123786
56.0316355873537 -20.6300998527002 63.1733579184828
55.9471277165581 -23.43719731854 63.1709209525493
55.843276102377 -27.8379013396042 63.1666392365633
55.7306661639926 -27.8689881208243 63.1605793765885
55.6370811767609 -14.5484926621868 63.1631584463979
55.6455022873914 19.6250282435919 63.1809237239309
55.768913808953 37.2291726976761 63.1960471526976
55.9278093480367 41.9370638929319 63.2084787752826
56.0823468175555 28.9646427327187 63.2181971079826
56.0955359365431 -28.752740290714 63.2252099133278
55.856778314891 -81.3422755470483 63.2295535166894
55.5902433508845 -34.3635741262943 63.2312906761477
55.6381494109338 54.896159709398 63.2305071212709
55.9423224201839 85.1358164277139 63.2273069858645
56.2612384392143 68.1740312794888 63.2218074392734
56.4608738733322 32.565068990954 63.2141328682928
56.5585293329154 22.9958063514114 63.2044089791701
56.6804872646727 36.1779877319132 63.2050789054102
56.8059724004253 22.5784046005245 63.2055265026384
56.8532531110887 0.575683015403608 63.2045002094574
56.7916968751985 -34.7933911630996 63.2020011558446
56.574906106094 -68.3992650676584 63.1980360951041
56.3103751742793 -56.8616566971904 63.1926233014425
56.1393303725119 -28.6336578725505 63.1858014363429
56.0703642755533 -7.92236722330545 63.1776349062801
56.0600426480393 1.33633636193209 63.1772402105642
56.0640502059464 -2.48666481417002 63.1877421496883
56.0237998379481 -17.3000420212519 63.1961671361994
55.9500573728971 -15.0118607619478 63.2024663905303
55.9290852672242 5.04480730523967 63.2066078314436
55.9724270642706 12.6073076928206 63.2085792620292
56.0025504270595 0.859460573801179 63.2083911701013
55.9843925831743 -7.80525285203044 63.2060785964811
55.955669116772 -5.63074665731061 63.2017008131132
55.9437128609991 0.336103943864633 63.1953401386965
55.9628326346922 9.41344167431412 63.1871003893474
56.0164818025658 16.7260955590035 63.177106114135
56.0928932397593 20.9404153062907 63.1655001037943
56.1578990484774 5.58769444947348 63.1524380793504
56.0990569430999 -35.9949178829425 63.1380832155019
55.9009255879984 -56.2036627303185 63.1226022889504
55.6924514973266 -42.5860127486502 63.1170472645347
55.5993588633771 -1.77086657291133 63.1158098790693
55.6712110532298 34.2482739244536 63.1147261478123
55.836428703253 44.4800409795893 63.1138177714224
56.0101455228356 39.9815436043873 63.1130701186569
56.1222532324666 11.4032945627283 63.1124358612236
56.0844810486683 -28.9130261219487 63.1429530822902
55.9242622894309 -45.8787625286823 63.1763047214715
55.748863125675 -37.9582949027889 63.2089384347652
55.6572461864116 -4.88381589764066 63.2407226000006
55.7099908537905 28.5395524100731 63.2715126937361
55.8559623408868 41.4885902122321 63.3011586071566
56.024784735658 40.1344823309769 63.3295103844549
56.1403700023183 12.2788587179007 63.3564181458819
56.1039495912534 -27.521322225459 63.381738598442
55.9788267076851 -28.257636918414 63.4053474432209
55.8955784259787 -13.4687401919241 63.4271425330476
55.8650430441371 -2.47007665332519 63.4470406605263
55.8751601749489 7.48341181318465 63.4649777924969
55.9220997373481 15.6645152978235 63.4809232931992
55.9975440425727 21.4512375172768 63.4948967411513
56.0869949284263 22.1638080789706 63.5069673010702
56.162157086829 13.2706985779504 63.51724582415
56.1792157125948 -4.84157010661002 63.5258746873422
56.1437010962174 -9.44436481712573 63.5546433228416
56.1173626414036 -3.86802907660727 63.5843415253562
56.1055745040143 -2.60277861083583 63.6114862393316
56.0988516496219 -0.326681234584848 63.6359649388542
56.1018872494892 0.723364905603848 63.6576650541597
56.0871108131822 -10.3299200123432 63.6764748411921
56.0146824124379 -24.4673016188477 63.6922845940869
55.9190767036492 -18.3482344712045 63.7049883917632
55.8959736842898 7.59747256530876 63.7144865449233
55.9636560849861 21.6544394197661 63.7206889740783
56.0264551638908 5.35453353796055 63.7235199738606
55.9936214968825 -19.5129072456361 63.7395770195397
55.9184112246322 -10.9073665474005 63.7547117446793
55.9356344269779 18.5647120762846 63.7675426130405
56.0309472653966 22.3385412936909 63.7780304522473
56.0653937415943 -8.33016296570411 63.7861346174575
55.9851156805173 -23.1770182089985 63.7918128408946
55.9487053077623 8.90070678360637 63.7989429132201
56.0306901717544 22.960538811092 63.805433765348
56.0616076876705 -10.810793118313 63.8105415404905
55.9733837350292 -25.7670368734884 63.8143701107923
55.9091327408526 -2.50598254535988 63.8170539755971
55.9495281828045 18.0920324090474 63.8187462111393
56.0038030824311 3.59922750479889 63.8196050577776
55.9655051734351 -19.6999816576628 63.8197783863932
55.8964615277438 -7.98995403635196 63.8193917458779
55.9229146733034 18.855429873759 63.818542933669
55.9997209116543 12.2741182809519 63.8173030605303
55.9905256793465 -15.2686587570675 63.8157261500438
55.9200726734518 -13.6493489132746 63.8138556696254
55.9147038133451 12.1793114581399 63.8117298951005
56.0001004941383 25.04250496138 63.809387804289
56.0678217282046 4.55088094342106 63.8068748389155
56.0220489934654 -26.8644873278981 63.8042437768438
55.8882462763093 -30.5520411685765 63.8014944567011
55.8424022535786 9.8785081573799 63.798500980665
55.944280168443 34.553707819074 63.7950171839469
56.0552466504163 14.099305030735 63.7947569927802
56.0376612652624 -20.8280399162424 63.8072156981339
55.9261393179107 -29.7796516323254 63.816202272554
55.8280914680801 -15.7869147112166 63.8214669983509
55.826969976204 17.4001983020292 63.8321755900763
55.9579390217789 42.9093221783206 63.8480777829265
56.1027576821755 21.4381042486493 63.8624328928238
56.0990271504842 -22.3167323474542 63.8750612813424
55.9648645642818 -37.2111681256593 63.8857820974688
55.8560196688938 -12.437654572797 63.8944221929479
55.8818530632502 23.8981340871635 63.9008276298208
56.0126688032362 36.315385152137 63.9048744508891
56.1367765983651 21.0354120971895 63.9064774178898
56.148766488868 -16.8971489547294 63.9055956803962
56.0148414048213 -45.098355400818 63.9022348615987
55.8426867197569 -33.4610110764004 63.8964458224046
55.7895009220448 8.60175619865342 63.8883204411072
55.8915267163743 36.8067651862132 63.8779861952695
56.0425129941402 34.3327622694935 63.8655926545774
56.1273674594372 3.99692880028722 63.8512966099965
56.0667150416414 -31.5432448635259 63.8352564710527
55.9150822334779 -39.6689189393605 63.8176284207837
55.7768788587556 -24.8635337814267 63.7985643810597
55.7512529466933 14.5023826790723 63.7782108398724
55.8829031109464 46.320939904935 63.7567070659715
56.0554769649564 30.1939603694139 63.7579391146654
56.0736963006589 -22.5636763793627 63.7868951166567
55.9080274126388 -50.8710779649128 63.8145533245773
55.7549262675633 -18.0528186535192 63.8407149204762
55.7830904756818 29.2977242124299 63.8651680193433
55.9386575339562 41.7216672139713 63.8877072865135
56.080693815492 25.4757692972867 63.9081840493891
56.1233415022261 -4.439325154094 63.9265193376999
56.0572166782346 -26.1895563720764 63.9427020664339
55.931390701095 -34.9932255022579 63.9567861636969
55.7917846049394 -31.2179089319875 63.9688863163508
55.7254443807077 2.50412620344542 63.9791746159177
55.8152365322886 38.4971481386359 63.9878783463915
55.9791164264533 35.0019663589626 63.9952789460434
56.0424273636909 -6.72144296660273 64.0017085075359
55.9354340874981 -41.3768739666614 64.0074995886171
55.7672096207085 -35.4766099708441 64.0129284389092
55.6986688078897 4.36876490435302 64.0182026386339
55.7936687911744 38.3014443669152 64.0234523873698
55.9595538431981 39.7410787157346 64.0287220293345
56.0705313861974 11.2913185810633 64.0339575688221
56.0402316132756 -23.847112807681 64.0390015523093
55.9175238214479 -33.2308565139945 64.0436447308741
55.7906510981494 -28.0084559123285 64.0476673394831
55.7236327752217 -2.07235383513733 64.0508470935597
55.777066005455 25.8457002652822 64.0529650945988
55.8928120351582 26.5430979516843 64.0538080685913
55.9480788249705 -2.51374086355204 64.0531705123247
55.8719923936116 -32.4245119882992 64.0508571932229
55.7192729681084 -40.794615244029 64.0466860639524
55.5867849405255 -18.1354981063005 64.0404913275163
55.6123285742735 31.0719445238187 64.0321257911464
55.7981109920582 53.2008061525909 64.0214648292634
55.9533208002976 15.8029037670617 64.0084109449491
55.8968249893888 -41.576298712677 63.9928968453511
55.6902313202016 -47.4559553081677 63.9748856405758
55.6012706028591 7.42626871092878 63.9543677469749
55.7343548798531 51.0931677122823 63.9313552936508
55.9129274072477 27.7342711504397 63.905881430882
55.9227260753201 -21.9867196515673 63.8780041487041
55.7706445994932 -47.8060021526148 63.8802310512348
55.6047298198134 -26.0981134713692 63.8808191301566
55.6101228436075 29.7131673626729 63.8785024907925
55.8037549502544 56.7392319530757 63.8731202115267
55.9679334878312 17.2658964320969 63.8645702756248
55.9202957978683 -38.4055843818754 63.8527948968542
55.7143837634527 -55.4476368415637 63.8377705120124
55.5490914857695 -19.3670436910502 63.8195022933832
55.5859228949328 35.5604016478975 63.7980227755317
55.7812010426395 54.1055385190236 63.7733943295178
55.9695558807304 33.3776616944144 63.7457149203622
56.0068539427001 -16.129446260446 63.7151261378755
55.8670956530788 -46.8011186996601 63.6818134981625
55.6812954303465 -41.0743188065135 63.6459835160634
55.5872258592414 -1.54546826147568 63.6078463396386
