# Fix print output for fix writeZ
66.843 -537.894048846143 62.0685
64.6914281917869 -537.834534396856 62.0911102865177
62.5743671382278 -506.647971058713 62.1132750230551
60.7529008603991 -350.71884657315 62.1348184258525
59.3461972504603 -386.384473681217 62.1555615209208
58.1929815295996 166.806567704732 62.175325081975
59.5483378436267 379.039464249048 62.1968658599262
61.2023174368701 417.420914329246 62.2197050571543
62.9146837833407 445.256107054999 62.2443728951247
64.7309301181758 458.033516541297 62.2713044797146
66.563096120502 458.041508455723 62.300672406999
68.3952621543247 458.041508455723 62.3323677110696
70.2274281881475 458.041508455723 62.3660814408309
72.0595942219703 458.041508455723 62.4014035324199
73.891760255793 458.041508455723 62.4379366200806
75.7239262896158 458.041508455723 62.4754036324008
77.5560923234386 458.041508455723 62.5137195725409
79.3882583572614 458.041508455723 62.5528710053956
81.2204243910841 458.041508455723 62.5926891063488
83.0525904249069 458.041508455723 62.6328037045243
84.8847564587297 458.041508455723 62.6726514822914
86.7169224925525 458.041508455723 62.7116114439821
88.5490885263752 458.041508455723 62.7491289643181
90.381254560198 458.041508455723 62.7847436365984
92.2134205940208 458.041508455723 62.8181041841377
94.0455866278435 458.041508455723 62.8489697657381
95.8777526616663 458.041508455723 62.8771916664821
97.7099186954891 458.041508455723 62.9026738679278
99.5420847293119 458.041508455723 62.9253569692824
101.374250763135 458.041508455723 62.945211021502
