# Fix print output for fix writeZ
66.843 -537.894048846143 62.0685
64.6914345975759 -537.786819847349 62.0911102865177
62.5810108448259 -499.776713885831 62.1132750230551
60.8592181291069 -266.066471474295 62.1348184258525
59.9001925232276 -292.592598077809 62.1555615209208
58.538203195005 -344.667087115091 62.1753250819749
57.1337746747205 -365.070846666517 62.1968658599262
56.3674990889953 -14.2583501774256 62.2197050571543
56.2539225902263 -10.3389474075635 62.2443728951247
56.242778418502 -50.4654671591914 62.2713044797146
55.9014484688295 -71.9621047240434 62.300672406999
55.6912490696096 -54.5395534075631 62.3323677110696
55.3449535854353 -110.99922737029 62.3660814408309
54.8380924269866 -229.906462374721 62.4014035324199
53.7734443082753 -283.881291917571 62.4379366200806
53.0321923714613 -13.6032907198401 62.4754036324008
52.6198140480298 -194.764972058222 62.5137195725409
51.8060010981074 -252.013159481297 62.5528710053956
50.9379779403805 -137.727059517451 62.5926891063488
50.3454379475497 -223.158659038603 62.6328037045244
49.100047553694 -324.712741152817 62.6726514822915
48.4313824037375 66.6003676432756 62.7116114439825
48.4990210537438 -81.7766580727924 62.7491289643193
48.5479702040152 202.9542823974 62.7847436366018
49.4886849470687 237.286039721402 62.8181041841471
50.4617266134215 217.145884448872 62.8489697657632
51.0338354995965 113.155951942417 62.8771916665452
51.4759258029964 107.743587878781 62.9026738680784
51.979234847207 146.562071085881 62.9253569696243
52.4857537492847 98.2649633694955 62.9452110222415
52.8780889141357 108.22622200856 62.9623657546409
53.4591132313517 159.856496824632 62.9866225659622
54.0149158489756 126.052832040306 63.0079516689157
54.4741265887517 74.2921353462755 63.0262620041593
54.261042574477 -160.836841470084 63.0414193052019
53.6591519649267 -103.850582319387 63.0532445536747
53.3696287341227 -66.2023181212707 63.0615360501343
53.0907040797862 -55.6643458077518 63.0661243494506
52.9814790610862 -22.8628193874967 63.0668989852104
52.7552330779764 -89.1185138009146 63.0638649941431
52.3860564986622 -83.0266795455573 63.061757688285
52.1394415138579 -33.9113097515641 63.0625132346488
52.0960055775135 -2.79754103230393 63.0606325022767
52.0087679270796 -46.0199713925584 63.0562903496841
51.8018643496314 -42.761673076362 63.0523918308126
51.6902523487607 -27.0560555856043 63.0509478837557
51.4345079454736 -108.061116390273 63.0482694690065
50.9160826935243 -135.185758755748 63.0537778651236
50.4764246178321 -74.6788648729038 63.0808071471374
50.3279025489599 -11.6354256849787 63.1054250652144
50.2427734096991 -44.9309973599302 63.127865231625
49.9650762905166 -80.4838812586717 63.1483732939652
49.7360194494382 -27.3927959967461 63.1671753541352
49.7222262397243 14.2560290887048 63.1844611434515
49.8366633746157 46.8196806167174 63.2003849337368
50.1242432170442 95.2307953348713 63.2150646370272
50.5307354504352 94.4589520169895 63.2285892909493
50.825867228425 52.9056770793373 63.2410241575506
50.9940596554899 37.7504566120965 63.2524158912546
51.1651026753243 50.3745744386956 63.2627965618371
51.3947202956833 60.8892531790205 63.2721866102405
51.6209605932307 51.4776943630176 63.2805970532087
51.8070437083076 40.3929662392786 63.2880311616664
51.9328896627778 22.2622627196605 63.2944857840796
51.9601119045782 -10.7987817503877 63.299953105926
51.8737678003647 -24.7852361252407 63.3044236041079
51.8200026254606 1.00225596796435 63.3078870072517
51.844754658673 2.18688669980856 63.3103326669504
51.7850357923587 -29.6851688851857 63.3117493510786
51.7000090376317 1.28759373952806 63.312124352237
51.8494499852082 69.2163839728582 63.3114419064307
52.2004330665989 98.9320148389343 63.3096805459268
52.542285531952 61.846378898222 63.3068096715985
52.689610188395 15.0328583167078 63.3027850366728
52.6545324824439 -37.1341149300811 63.2975424944062
52.4028229003116 -74.3497763129929 63.2909897125771
52.1985087674969 -15.4830736428016 63.2829955176433
52.2928571478108 55.0288152253396 63.2733763289261
52.5290678955541 48.6226727470352 63.2618788959967
52.6601218692554 21.7466525250916 63.2481581177934
52.7238533169329 8.70220970710698 63.231766507984
52.6943972922663 -28.4676726096153 63.2122399373438
52.4931368376897 -66.0126423194494 63.1993304320652
52.2159745370018 -70.0910946763996 63.2262717500539
51.9509435859737 -59.8354820553664 63.2495138924183
51.7850236654882 -16.3062334629649 63.2689520208078
51.84117118982 41.0284949473703 63.2845000564088
52.0377995396597 47.8586279658115 63.2960884548881
52.2023999097936 35.4598556571283 63.3036726010123
52.3301925720493 27.1743306390599 63.307246399295
52.3841504708012 -3.58353868906168 63.3068599988931
52.2987049339406 -36.2095037606109 63.3026399232084
52.158528053377 -22.9201866017072 63.2947887267527
52.161318798634 21.6045321617396 63.283545192925
52.2542591050305 14.6737186094573 63.2691633765095
52.2464115041206 -18.2537964585967 63.2519010774538
52.1568466233315 -13.7802930040411 63.2320096469587
52.2043801588837 36.2280013318076 63.2097251435758
52.3740871565279 36.9381404785511 63.1934278012802
52.4401297489596 -5.42219364511665 63.1919711427094
52.3574054909745 -31.1373294070941 63.1937632829077
52.2039644227687 -44.5806650728467 63.1932493243069
52.0645843579889 -11.4723321955867 63.190223563832
52.1889900461785 73.9657009691557 63.1847349673959
52.5483791338246 81.6634214137239 63.176853714057
52.7376149963511 12.8528957955844 63.1666657606743
52.7001592946394 -21.411220495604 63.1776538846833
52.6195511722931 -16.091062813903 63.1975655429205
52.5885572185176 0.174004226007581 63.2150660107885
52.6009569034584 3.86852696934995 63.2300938280088
52.6189749453757 6.42696721173159 63.2426018866824
52.6563442055926 11.4374992539213 63.252557685226
52.7066369310664 13.2724570040008 63.2599432446143
52.7537162189967 7.97243118381632 63.2647545378794
52.7446921957291 -14.9061735414577 63.2669993130307
52.6298175326259 -41.3810162790826 63.2666946688825
52.4519365772517 -37.5939860780959 63.2638671348547
52.3913419803681 9.50773665753382 63.2585638759571
52.5013843833296 38.2233534968363 63.2508650023201
52.6573376271937 38.7289710827086 63.240884620913
52.8070729185537 35.234427252712 63.2287670007525
52.902922957399 5.20620416727172 63.2146810961294
52.8169009004213 -46.785457842705 63.1988125820936
52.5789233689118 -64.8779759831146 63.1813571296127
52.317282975212 -65.5883699182591 63.1923112153451
52.05506783549 -64.9880281284072 63.2062836131763
51.8221999987408 -46.7153024162753 63.2175075769726
51.7068929945596 -9.25132534821982 63.2259742890609
51.7541487045529 32.679719495001 63.231703234259
51.9534104562587 62.6435478194134 63.2347406729966
52.2109984850023 62.7171569619124 63.2351567224019
52.4552794240563 60.2932015920382 63.233041262286
52.693659002088 58.5317104147812 63.2284989937137
52.9150575323513 46.6495471408346 63.2216440653542
53.0042897820226 -7.8544338489186 63.2125946949131
52.8586071270144 -56.4850893542892 63.2116242586629
52.6274845985661 -55.4514795322732 63.213648787578
52.4096016325418 -55.2035190618945 63.2140150391687
52.1762642766391 -59.6557739603074 63.2127397772414
51.9768600360919 -33.5399607516328 63.2098613590652
51.9276440662533 4.97602292479939 63.2054313280365
51.9540400198815 0.885018136105585 63.1995168636281
51.9226206655633 -13.2223372511221 63.1922115983521
51.868364615115 -13.4529336207637 63.1836361481055
51.8125999823399 -14.9406292884356 63.1739363997979
51.7410455004567 -20.0600335012986 63.1802751786302
51.682220858546 -4.68794078799393 63.1894099404887
51.729739766692 28.5940257018284 63.1964657991868
51.865190034575 28.6692632624472 63.2014032196965
51.9109710007843 -4.22881703956114 63.2042003981317
51.8798160238123 -4.21533561535309 63.2048560053998
51.904620530393 15.6070132914135 63.2033911354509
51.9727189031079 12.2873739278994 63.1998492686377
51.955522286247 -24.3182536173164 63.1942953684473
51.7811198275344 -58.0049723028427 63.1868147244572
51.5753957932934 -35.2447642034666 63.1775127346099
51.5169120986326 2.12876586957721 63.1665127892437
51.547230330954 9.83683530865805 63.1539517244795
51.6096675786577 25.7068053833123 63.1399760055269
51.7624697198321 45.4746126751431 63.1247378917565
51.8915214970297 11.7332690846811 63.11367806706
51.8509043706694 -26.0960280025448 63.1128399217202
51.7628635395801 -10.7533048811658 63.1121947435019
51.7627811654374 6.3444261764715 63.1117655587122
51.7783006767172 -1.18133174777285 63.1115387077443
51.7555277910521 -8.2308173904229 63.113425924622
51.7088545930161 -17.6025204788131 63.1183238892007
51.6042468055605 -34.1608544469576 63.1219383898581
51.4596991050199 -31.5007940109873 63.1242715594204
51.4046707702883 7.27768551986994 63.125347898337
51.5140295727524 43.4565626671132 63.125217757413
51.7029608754843 45.6924994018284 63.1239528520601
51.8635483619438 34.1130280824978 63.1216404181512
51.9638235374598 12.7406911402617 63.1298079660853
51.9477812705991 -19.9019049304215 63.1583690163744
51.8526572329051 -18.4975437848362 63.1859111942114
51.8371739248702 8.80808825626047 63.2226157915531
51.8679543397514 -2.02933018487898 63.2684903488856
51.7834750736362 -39.7661299341245 63.3130264964515
51.5914500059462 -48.7904580983027 63.3560617811939
51.4181257260243 -38.261853329473 63.397446471033
51.2688986517134 -38.6094368277115 63.4370378679797
51.0966621517513 -47.9957344666096 63.47469309758
50.9060457168412 -38.9826500872236 63.5102680484939
50.8465507913612 12.0635739223246 63.5436207351818
50.9741608117753 42.8218947576613 63.5746147219497
51.1262194596147 30.8307922885103 63.603121288956
51.2279615864545 22.3102673199223 63.6290149555623
51.3161702850416 22.6598777711609 63.6521698809041
51.4105635763423 22.5969436732359 63.6724606448114
51.4536435991938 -6.55889526243775 63.6897638345467
51.3442700962216 -45.3404003808698 63.703960260932
51.1357826554848 -54.4892450643591 63.7149378162882
50.9107547397591 -58.5374597159246 63.7225951576613
50.6655530525099 -64.5108259937693 63.7268463925551
50.4210511894104 -48.9336905953269 63.7276275825251
50.3264197989065 2.9218684653997 63.7306412172052
50.4100336941115 31.695336693641 63.738523367189
50.5507350291547 40.7201291139106 63.7435005997186
50.7502262385196 57.4861762732947 63.7455983411519
50.9774252466205 52.2065032936064 63.7448589062164
51.1577973934893 37.3468466138074 63.7413401156393
51.2665848498727 16.2682155255324 63.7351282905193
51.290373643836 -3.14363925809144 63.7263420894873
51.2532198696901 -14.6560935838552 63.7151260558873
51.1712658955566 -27.2607510231662 63.7016486021617
51.0253962912598 -46.7534747726754 63.6970952358392
50.7949812326436 -66.122197006522 63.6981580613599
50.5687914255755 -36.8289197165224 63.6983237175942
50.526883326742 12.2542197297118 63.6977312125553
50.6034367571225 17.2485367164695 63.6965171506023
50.6442580300453 6.49872994823178 63.6948164070998
50.7136803171318 35.7688661615872 63.6927624662457
50.9486951927498 75.530166705552 63.690488007639
51.2016458428186 37.9012906076932 63.6881260141038
51.2281225964275 -20.3156941195129 63.6858182854045
51.095968114999 -39.738548896103 63.6837211252055
50.9147096739077 -52.305094074521 63.6820012221929
50.6718955244114 -67.4767046273318 63.6808296737045
50.4334115238168 -43.2196141491088 63.6803750860271
50.3479514149375 -2.31749851547737 63.6807960737287
50.3805841174575 15.5662771062876 63.6822259035519
50.4722046324106 31.5806457610979 63.684740512458
50.6318957683839 46.2331109929026 63.6883452188158
50.8228911176164 48.6166487879299 63.6929742424378
51.0316496907041 55.2289374662573 63.6984951166257
51.2032446186738 19.4091527992696 63.7047115272651
51.1381729640201 -50.0240270735402 63.7113673538968
50.8980337512155 -52.1108899681298 63.7181544466714
50.8170824433749 12.2795747644419 63.7247207080701
50.9326154128007 34.3995789912225 63.7306766222442
51.0440778303972 21.3035717126205 63.7356008102726
51.1130661622331 14.5575628254032 63.7404240962791
51.1670036008166 12.1798785547903 63.7489310873185
51.1972497147553 0.805522858983416 63.7559247582236
51.1630526475232 -17.994294640555 63.7612492805735
51.0612235574821 -31.2059562322722 63.76476270103
50.9233940596197 -37.7049197571751 63.766341843906
50.756396336701 -45.9591557127295 63.7658851465259
50.563002947286 -46.9659904319966 63.7633139568351
50.4378355015603 -8.81528274902512 63.7585736349302
50.5092481754189 41.3215310900597 63.7516361283418
50.7171377780885 56.5453320320745 63.7425001534899
50.9476273885185 58.3267472850803 63.7311898993234
51.1550201444258 37.5652798804461 63.7177532708917
51.2074040461506 -11.5889909617739 63.7022599053728
51.0968160145302 -36.8824539649678 63.6847984781944
50.9428333273871 -39.323287204784 63.6654729483626
50.7973151700978 -27.5433537807899 63.644399521972
50.7742985717456 19.384652029174 63.6217041171138
50.9376715810557 55.7672010214535 63.6413567861371
51.1664515363553 56.0074578699494 63.6706698462527
51.3776136373959 47.7159239888673 63.6968791323276
51.5111919282468 14.5371046703231 63.7199748854755
51.4850860439586 -24.7269739062949 63.7400321108003
51.3561009052257 -34.8065334447143 63.7571902912258
51.2218121115655 -32.0610997453018 63.7716346023066
51.0978100494463 -30.0191462988845 63.7835697460088
50.9864446971736 -23.8646205445233 63.7931582649787
50.9251460139921 -5.67340531318468 63.8005052203333
50.9358959635704 9.43194470513219 63.8056675717237
50.989645315958 16.6188680372193 63.8086632585953
51.0656388260172 20.9631993321226 63.8094804050502
51.1535377328497 22.623540070421 63.8080864208648
51.2464247039048 23.9416203040596 63.8044354536934
51.344060769754 23.727742230227 63.7984752282089
51.4041984370401 1.12817319863057 63.7901552855544
51.3366951396753 -32.0578962535352 63.7794348418355
51.1938226137924 -34.3125992994242 63.7662928620284
51.0728472476969 -27.1385710948978 63.7507382654185
50.9710295240838 -23.7578082873658 63.7328092880027
50.8771333631136 -24.5328901263864 63.7125696197472
50.7693530406834 -28.7807815926869 63.6901032168689
50.6612663015781 -23.417534915043 63.6655058934521
50.5923071079346 -9.71627331309747 63.638874356548
50.5950480523565 12.7141802664161 63.6102988771871
50.7004302227957 38.652333180583 63.5798576581344
50.8720193891115 42.3394641316648 63.5476124697902
51.0219692745425 32.5067152891459 63.5208274375737
51.132846187316 21.5087998950134 63.5052935267492
51.1797444101683 2.37853983575069 63.487511009276
51.1654999669199 -8.46162364610821 63.4717251533253
51.1063032044581 -22.7033454221133 63.4608208879368
50.9838597187906 -36.7590333823445 63.4484991068415
50.8142950480561 -48.701442774203 63.4347872420042
50.60786322512 -48.2957449714086 63.4197227015975
50.4725618094147 -18.8065603712066 63.4033526487584
50.4374889001997 -1.87771084521528 63.3857333991541
50.4452331283597 6.31534450709136 63.366929219017
50.4959043692089 17.2627047708288 63.3470101749052
50.5594725390753 12.4692663634397 63.3260485966995
50.5961824790151 7.4345623595867 63.3041137839003
50.6235118228791 4.775814509638 63.2812680551226
50.6247510528776 -4.28915177934684 63.2575686866735
50.6059708809507 -0.877030101152909 63.2330635734469
50.631808459923 12.9149210211193 63.2077843260075
50.701117065207 21.2884400362446 63.2113552505352
50.7873265571639 17.4743657137263 63.2136313891192
50.8050022325471 -10.8031225687068 63.2129622963545
50.7067577528292 -36.1325141281593 63.2094514031559
50.5445156975259 -39.1418905151035 63.203219352564
