# Fix print output for fix writeZ
66.843 -537.894048846143 62.0685
64.6915952975919 -537.210548007116 62.0911102865177
62.7149238257011 -318.447231941583 62.1132750230551
62.0747775233085 -111.448850705569 62.1348184258525
61.6846939996197 -99.0182215357685 62.1555615209208
61.462593828776 -4.13602356389679 62.1753250819749
60.3990937026561 -441.364135311377 62.1968658599262
59.1328089571551 -227.209829796437 62.2197050571543
58.2900667898347 -139.571174310611 62.2443728951247
57.8093769027891 -53.3237592650094 62.2713044797146
58.0716113380935 75.9957618923801 62.300672406999
58.8744386872233 339.477714437 62.3323677110696
59.7396353386606 95.2808768811334 62.3660814408309
60.5989882338079 279.814839725917 62.4014035324199
61.4987050816497 184.69875290608 62.4379366200806
61.9176133448028 76.5510577224977 62.4754036324008
62.4664242304201 180.580082297046 62.5137195725409
63.4679146058141 323.000736915882 62.5528710053956
64.8036034270566 336.465812319057 62.5926891063488
66.1494666763329 336.465812319057 62.6328037045243
67.4953299256091 336.465812319057 62.6726514822914
68.8411931748854 336.465812319057 62.7116114439821
70.1870564241616 336.465812319057 62.7491289643181
71.5329196734379 336.465812319057 62.7847436365985
72.8787829227141 336.465812319057 62.818104184138
74.2246461719904 336.465812319057 62.8489697657388
75.5705094212666 336.465812319057 62.8771916664839
76.9163726705429 336.465812319057 62.9026738679324
78.2622359198191 336.465812319057 62.925356969293
79.6080991690954 336.465812319057 62.9452110215249
80.9539624183716 336.465812319057 62.9623657546401
82.2998256676479 336.465812319057 62.9866225659606
83.6456889169241 336.465812319057 63.0079516689128
84.9915521662004 336.465812319057 63.0262620041542
86.3374154154766 336.465812319057 63.0414193051932
87.6832786647529 336.465812319057 63.0532445536603
89.0291419140291 336.465812319057 63.0615360501115
90.3750051633054 336.465812319057 63.0661243494154
91.7208684125816 336.465812319057 63.0668989851568
93.0667316618579 336.465812319057 63.0638649940605
94.4125949111341 336.465812319057 63.0617576882293
95.7584581604104 336.465812319057 63.0625132345708
97.1043214096866 336.465812319057 63.0606325021661
98.4501846589629 336.465812319057 63.056290349525
99.7960479082391 336.465812319057 63.0524159039383
101.141911157515 336.465812319057 63.0509818396203
