# Fix print output for fix writeZ
66.843 -537.894048846143 62.0685
64.6914546917949 -537.680965981654 62.0911102865177
62.5975424772325 -482.813522848017 62.1132750230551
60.788472053496 -419.030838509143 62.1348184258527
59.2850385299394 -195.049719230659 62.1555615209243
58.8975761178942 -100.495045127286 62.1753250820088
58.4362863167671 -155.86450331689 62.1968658599262
57.8647392648078 -21.7326255038279 62.2197050571543
57.9256415789718 80.818701463845 62.2443728951247
58.3345103220447 109.019713832242 62.2713044797146
59.0334059518602 203.717244307286 62.300672406999
60.2435202691811 415.985557256309 62.3323677110696
61.8735186019545 387.805781764018 62.3660814408309
63.510170867476 445.389826407138 62.4014035324199
65.3277102111679 456.785249898122 62.4379366200806
67.1548512107603 456.785249898122 62.4754036324008
68.9819922103527 456.785249898122 62.5137195725409
70.8091332099451 456.785249898122 62.5528710053956
72.6362742095376 456.785249898122 62.5926891063488
74.46341520913 456.785249898122 62.6328037045243
76.2905562087224 456.785249898122 62.6726514822914
78.1176972083148 456.785249898122 62.7116114439821
79.9448382079072 456.785249898122 62.7491289643181
81.7719792074996 456.785249898122 62.7847436365984
83.5991202070921 456.785249898122 62.8181041841377
85.4262612066845 456.785249898122 62.8489697657381
87.2534022062769 456.785249898122 62.8771916664821
89.0805432058693 456.785249898122 62.9026738679278
90.9076842054617 456.785249898122 62.9253569692824
92.7348252050541 456.785249898122 62.945211021502
94.5619662046466 456.785249898122 62.9623657546401
96.389107204239 456.785249898122 62.9866225659606
98.2162482038314 456.785249898122 63.0079516689128
100.043389203424 456.785249898122 63.0262620041542
