# Fix print output for fix writeZ
66.843 -537.894048846143 62.0685
64.6916057947073 -537.184665036361 62.0911102865177
62.7148537130182 -324.164448819506 62.1132750230551
61.9847140037238 -118.897481943155 62.1348184258528
61.5454676993861 -217.106736043009 62.1555615209279
60.9839278448534 106.132384435895 62.1753250820363
61.360353745041 33.1990951904986 62.1968658599262
61.6899223096343 105.498594064719 62.2197050571543
61.7536249174725 10.8290069889013 62.2443728951247
62.0359828901546 102.353386958168 62.2713044797146
62.5181094273451 157.374565137846 62.300672406999
63.2305140143818 195.930787180999 62.3323677110696
64.1413108363218 248.023151561519 62.3660814408309
65.1442223177488 251.484140873218 62.4014035324199
66.1501588812416 251.484140873218 62.4379366200806
67.1560954447343 251.484140873218 62.4754036324008
68.1620320082271 251.484140873218 62.5137195725409
69.1679685717198 251.484140873218 62.5528710053956
70.1739051352126 251.484140873218 62.5926891063488
71.1798416987053 251.484140873218 62.6328037045243
72.1857782621981 251.484140873218 62.6726514822914
73.1917148256908 251.484140873218 62.7116114439821
74.1976513891836 251.484140873218 62.7491289643181
75.2035879526763 251.484140873218 62.7847436365984
76.2095245161691 251.484140873218 62.8181041841377
77.2154610796618 251.484140873218 62.8489697657381
78.2213976431546 251.484140873218 62.8771916664821
79.2273342066474 251.484140873218 62.9026738679278
80.2332707701401 251.484140873218 62.9253569692824
81.2392073336329 251.484140873218 62.945211021502
82.2451438971256 251.484140873218 62.9623657590661
83.2510804606184 251.484140873218 62.9866225739131
84.2570170241111 251.484140873218 63.0079516826065
85.2629535876039 251.484140873218 63.0262620267784
86.2688901510966 251.484140873218 63.041419341174
87.2748267145894 251.484140873218 63.0532446090179
88.2807632780821 251.484140873218 63.061536132928
89.2866998415749 251.484140873218 63.0661244704503
90.2926364050676 251.484140873218 63.0668991587594
91.2985729685604 251.484140873218 63.0638652393085
92.3045095320531 251.484140873218 63.0617576882293
93.3104460955459 251.484140873218 63.0625132345708
94.3163826590387 251.484140873218 63.0606325021661
95.3223192225314 251.484140873218 63.0562903495248
96.3282557860242 251.484140873218 63.0524160130433
97.3341923495169 251.484140873218 63.050981990198
98.3401289130097 251.484140873218 63.0483168270161
99.3460654765024 251.484140873218 63.0532364446071
100.352002039995 251.484140873218 63.0801662516718
