# Fix print output for fix writeZ
66.843 -537.894048846143 62.0685
64.6917120712264 -536.940387766207 62.0911102865178
62.8743883947671 -70.7687234507418 62.1132750241216
63.8203827485343 296.020500099169 62.13481850495
65.0186848596406 301.192452717081 62.155562030441
66.2234546705089 301.192452717081 62.1753266668444
67.4282244813771 301.192452717081 62.1968658599262
68.6329942922454 301.192452717081 62.2197050571543
69.8377641031136 301.192452717081 62.2443728951247
71.0425339139818 301.192452717081 62.2713044797146
72.2473037248501 301.192452717081 62.300672406999
73.4520735357183 301.192452717081 62.3323677110696
74.6568433465866 301.192452717081 62.3660814408309
75.8616131574548 301.192452717081 62.4014035324199
77.0663829683231 301.192452717081 62.4379366200806
78.2711527791913 301.192452717081 62.4754036324008
79.4759225900595 301.192452717081 62.5137195725409
80.6806924009278 301.192452717081 62.5528710053956
81.885462211796 301.192452717081 62.5926891063488
83.0902320226643 301.192452717081 62.6328037045243
84.2950018335325 301.192452717081 62.6726514822914
85.4997716444008 301.192452717081 62.7116114439821
86.704541455269 301.192452717081 62.7491289643181
87.9093112661372 301.192452717081 62.7847436365984
89.1140810770055 301.192452717081 62.8181041841377
90.3188508878737 301.192452717081 62.8489697657381
91.523620698742 301.192452717081 62.8771916664821
92.7283905096102 301.192452717081 62.9026738679278
93.9331603204784 301.192452717081 62.9253569692824
95.1379301313467 301.192452717081 62.945211021502
96.3426999422149 301.192452717081 62.9623657546401
97.5474697530832 301.192452717081 62.9866225659606
98.7522395639514 301.192452717081 63.0079516689128
99.9570093748197 301.192452717081 63.0262620041542
101.161779185688 301.192452717081 63.0414193051932
