# Fix print output for fix writeZ
66.843 -537.894048846143 62.0685
64.6914824666193 -537.564780229467 62.0911102865177
62.6148537757037 -462.948217529331 62.1132750230551
60.8977711534862 -415.407950977798 62.1348184258525
59.5024611273805 -14.2755337766571 62.1555615209208
60.5872717495171 319.668962387809 62.1753250819749
61.6849831583616 76.5863425169142 62.1968658599262
61.7199421271814 -34.5748162427362 62.2197050571543
61.0693682287741 -127.979064843465 62.2443728951247
61.9619705965063 377.464324426753 62.2713044797146
63.5274495200093 403.303567141296 62.300672406999
65.1529511208178 407.373307467071 62.3323677110696
66.7824443506862 407.373307467071 62.3660814408309
68.4119375805545 407.373307467071 62.4014035324199
70.0414308104228 407.373307467071 62.4379366200806
71.6709240402912 407.373307467071 62.4754036324008
73.3004172701595 407.373307467071 62.5137195725409
74.9299105000278 407.373307467071 62.5528710053956
76.5594037298962 407.373307467071 62.5926891063488
78.1888969597645 407.373307467071 62.6328037045243
79.8183901896328 407.373307467071 62.6726514822914
81.4478834195012 407.373307467071 62.7116114439821
83.0773766493695 407.373307467071 62.7491289643181
84.7068698792378 407.373307467071 62.7847436365984
86.3363631091061 407.373307467071 62.8181041841377
87.9658563389745 407.373307467071 62.8489697657381
89.5953495688428 407.373307467071 62.8771916664821
91.2248427987111 407.373307467071 62.9026738679278
92.8543360285795 407.373307467071 62.9253569692824
94.4838292584478 407.373307467071 62.945211021502
96.1133224883161 407.373307467071 62.9623657546401
97.7428157181845 407.373307467071 62.9866225659606
99.3723089480528 407.373307467071 63.0079516689128
101.001802177921 407.373307467071 63.0262620041542
