# Fix print output for fix writeZ
66.843 -537.894048846143 62.0685
64.6914238046155 -537.894048478707 62.0911102865177
62.558396881134 -522.055793728634 62.1132750230551
61.2750572093101 130.79825792683 62.1348184258525
61.9670279218554 180.748503027093 62.1555615209208
62.8767334843294 256.974113243405 62.1753250819749
64.0018608302995 293.951726181704 62.1968658599262
65.1871207513515 297.363910703915 62.2197050571543
66.3765790270171 297.364568938393 62.2443728951247
67.5660373027705 297.364568938393 62.2713044797146
68.755495578524 297.364568938393 62.300672406999
69.9449538542774 297.364568938393 62.3323677110696
71.1344121300309 297.364568938393 62.3660814408309
72.3238704057843 297.364568938393 62.4014035324199
73.5133286815378 297.364568938393 62.4379366200806
74.7027869572912 297.364568938393 62.4754036324008
75.8922452330447 297.364568938393 62.5137195725409
77.0817035087981 297.364568938393 62.5528710053956
78.2711617845516 297.364568938393 62.5926891063488
79.460620060305 297.364568938393 62.6328037045243
80.6500783360585 297.364568938393 62.6726514822914
81.839536611812 297.364568938393 62.7116114439821
83.0289948875654 297.364568938393 62.7491289643181
84.2184531633189 297.364568938393 62.7847436365984
85.4079114390723 297.364568938393 62.8181041841378
86.5973697148258 297.364568938393 62.8489697657381
87.7868279905792 297.364568938393 62.8771916664822
88.9762862663327 297.364568938393 62.9026738679279
90.1657445420861 297.364568938393 62.9253569692824
91.3552028178396 297.364568938393 62.9452110215021
92.544661093593 297.364568938393 62.9623657546401
93.7341193693465 297.364568938393 62.9866225659606
94.9235776450999 297.364568938393 63.0079516689128
96.1130359208534 297.364568938393 63.0262620041542
97.3024941966068 297.364568938393 63.0414193051932
98.4919524723603 297.364568938393 63.0532445536603
99.6814107481137 297.364568938393 63.0615360501115
100.870869023867 297.364568938393 63.0661243494154
