# Fix print output for fix writeZ
66.843 -537.894048846143 62.0685
64.6914307489899 -537.811484361677 62.0911102865177
62.5758053557219 -504.235600984326 62.1132750230551
60.9699462222336 -121.847418229177 62.1348184258525
60.8393261136738 94.0049319687466 62.1555615209208
61.5089663614901 -44.6555519956155 62.1753250819749
61.0313505896216 -99.2856995724892 62.1968658599262
60.615577068722 -118.948634616526 62.2197050571543
60.1653027926997 -95.93309048298 62.2443728951247
60.3920976367411 162.34487413009 62.2713044797146
61.3109378944942 342.781093150369 62.300672406999
62.7527548963777 370.437326746136 62.3323677110696
64.2649164786964 383.800068725425 62.3660814408309
65.808275217637 386.44786833986 62.4014035324199
67.3540666909964 386.44786833986 62.4379366200806
68.8998581643557 386.44786833986 62.4754036324008
70.4456496377151 386.44786833986 62.5137195725409
71.9914411110745 386.44786833986 62.5528710053956
73.5372325844339 386.44786833986 62.5926891063488
75.0830240577932 386.44786833986 62.6328037045243
76.6288155311526 386.44786833986 62.6726514822914
78.174607004512 386.44786833986 62.7116114439821
79.7203984778714 386.44786833986 62.7491289643181
81.2661899512307 386.44786833986 62.7847436365984
82.8119814245901 386.44786833986 62.8181041841377
84.3577728979495 386.44786833986 62.8489697657381
85.9035643713088 386.44786833986 62.8771916664821
87.4493558446682 386.44786833986 62.9026738679278
88.9951473180276 386.44786833986 62.9253569692824
90.540938791387 386.44786833986 62.945211021502
92.0867302647463 386.44786833986 62.9623657546401
93.6325217381057 386.44786833986 62.9866225659606
95.1783132114651 386.44786833986 63.0079516689128
96.7241046848245 386.44786833986 63.0262620041542
98.2698961581838 386.44786833986 63.0414193051932
99.8156876315432 386.44786833986 63.0532445536603
101.361479104903 386.44786833986 63.0615360501115
