# Fix print output for fix writeZ
66.843 -537.894048846143 62.0685
64.6914238055433 -537.880447631449 62.0911102865177
62.5680498237323 -512.763654202403 62.1132750230551
60.7429147224478 -332.619155870872 62.1348184258525
59.4292287121903 -377.179014146785 62.1555615209208
58.1916070966239 105.265642476622 62.1753250819749
59.2952131541271 318.703531836805 62.1968658599262
60.4474755100038 174.238256355743 62.2197050571543
61.0698910849823 140.412417066913 62.2443728951248
61.6674234198414 114.059024676733 62.271304479715
61.5867946182543 -30.5661755952246 62.3006724070004
61.7523631506781 66.2577644558614 62.3323677110737
62.1260649085058 138.73710986965 62.3660814408414
62.8616238345573 259.703565565445 62.4014035324445
64.0259313634869 301.050419840045 62.4379366201359
65.2320296499493 301.58063644575 62.4754036325283
66.4383521957324 301.58063644575 62.5137195728516
67.6446747415155 301.58063644575 62.5528710061646
68.8509972872986 301.58063644575 62.592689108219
70.0573198330817 301.58063644575 62.6328037089035
71.2636423788649 301.58063644575 62.6726514922047
72.469964924648 301.58063644575 62.7116114661557
73.6762874704311 301.58063644575 62.7491290142835
74.8826100162142 301.58063644575 62.7847437496582
76.0889325619973 301.58063644575 62.8181044360241
77.2952551077804 301.58063644575 62.8489703071032
78.5015776535635 301.58063644575 62.8771927730088
79.7079001993466 301.58063644575 62.9026760039566
80.9142227451297 301.58063644575 62.9253608576601
82.1205452909128 301.58063644575 62.9452177065434
83.326867836696 301.58063644575 62.9623657546401
84.5331903824791 301.58063644575 62.9866225659606
85.7395129282622 301.58063644575 63.0079516689128
86.9458354740453 301.58063644575 63.0262620041542
88.1521580198284 301.58063644575 63.0414193051932
89.3584805656115 301.58063644575 63.0532445536603
90.5648031113946 301.58063644575 63.0615360501115
91.7711256571777 301.58063644575 63.0661243494154
92.9774482029608 301.58063644575 63.0668989851568
94.1837707487439 301.58063644575 63.0638649940605
95.390093294527 301.58063644575 63.061757688405
96.5964158403102 301.58063644575 63.0625132348373
97.8027383860933 301.58063644575 63.0606325025654
99.0090609318764 301.58063644575 63.0562903501168
100.215383477659 301.58063644575 63.0524157910784
