# Fix print output for fix writeZ
66.843 -537.894048846143 62.0685
64.6914238046224 -537.88645141494 62.0911102865177
62.5660900462674 -514.530847125072 62.1132750230551
60.7389684726401 -323.53818714529 62.1348184258525
59.4904306243682 -363.569385713102 62.1555615209208
58.2040368674011 65.2333637315643 62.175325081975
59.4450171621065 345.673057585189 62.1968658599262
60.8631699306374 374.963160639158 62.2197050571543
62.5835572967215 462.709195037679 62.2443728951247
64.5155400506839 490.751444328097 62.2713044797146
66.4792856363176 490.9443329082 62.300672406999
68.4430629679503 490.9443329082 62.3323677110696
70.4068402995831 490.9443329082 62.3660814408309
72.3706176312158 490.9443329082 62.4014035324199
74.3343949628485 490.9443329082 62.4379366200806
76.2981722944813 490.9443329082 62.4754036324008
78.261949626114 490.9443329082 62.5137195725409
80.2257269577468 490.9443329082 62.5528710053956
82.1895042893795 490.9443329082 62.5926891063488
84.1532816210122 490.9443329082 62.6328037045243
86.117058952645 490.9443329082 62.6726514822914
88.0808362842777 490.9443329082 62.7116114439821
90.0446136159105 490.9443329082 62.7491289643181
92.0083909475432 490.9443329082 62.7847436365984
93.9721682791759 490.9443329082 62.8181041841377
95.9359456108087 490.9443329082 62.8489697657381
97.8997229424414 490.9443329082 62.8771916664821
99.8635002740742 490.9443329082 62.9026738679278
101.827277605707 490.9443329082 62.9253569692824
