# Fix print output for fix writeZ
66.843 -537.894048846143 62.0685
64.6915243407937 -537.416425621476 62.0911102865177
62.6450841377095 -422.490239792716 62.1132750230551
61.3667327468745 -100.085897776582 62.1348184258525
62.0552349045469 234.506990400369 62.1555615209208
63.0741910298287 270.67056419994 62.1753250819749
64.2079816398621 293.658553499023 62.1968658599262
65.3913498646241 296.356834199568 62.2197050571543
66.5767772014223 296.356834199568 62.2443728951247
67.7622045382205 296.356834199568 62.2713044797146
68.9476318750187 296.356834199568 62.300672406999
70.1330592118168 296.356834199568 62.3323677110696
71.318486548615 296.356834199568 62.3660814408309
72.5039138854132 296.356834199568 62.4014035324199
73.6893412222113 296.356834199568 62.4379366200806
74.8747685590095 296.356834199568 62.4754036324008
76.0601958958077 296.356834199568 62.5137195725409
77.2456232326059 296.356834199568 62.5528710053956
78.431050569404 296.356834199568 62.5926891063488
79.6164779062022 296.356834199568 62.6328037045243
80.8019052430004 296.356834199568 62.6726514822914
81.9873325797985 296.356834199568 62.7116114439821
83.1727599165967 296.356834199568 62.7491289643181
84.3581872533949 296.356834199568 62.7847436365984
85.543614590193 296.356834199568 62.8181041841377
86.7290419269912 296.356834199568 62.8489697657381
87.9144692637894 296.356834199568 62.8771916664821
89.0998966005876 296.356834199568 62.9026738679278
90.2853239373857 296.356834199568 62.9253569692824
91.4707512741839 296.356834199568 62.945211021502
92.6561786109821 296.356834199568 62.9623657546401
93.8416059477802 296.356834199568 62.9866225659606
95.0270332845784 296.356834199568 63.0079516689128
96.2124606213766 296.356834199568 63.0262620041542
97.3978879581747 296.356834199568 63.0414193051932
98.5833152949729 296.356834199568 63.0532445536603
99.7687426317711 296.356834199568 63.0615360501115
100.954169968569 296.356834199568 63.0661243494154
