# Fix print output for fix writeZ
66.843 -537.894048846143 62.0685
64.6914269909719 -537.836353029401 62.0911102865177
62.5796724917599 -500.32212382355 62.1132750230625
60.6334725343482 -477.642257855494 62.1348184267284
58.7157132316368 -473.741051340646 62.1555615316388
56.8142073993624 -475.276401885062 62.1753251345074
54.9087163604998 -483.385886311691 62.1968658599262
52.9864254586386 -470.338753394228 62.2197050571543
51.099364701075 -475.046332662313 62.2443728951247
49.2556030820969 -425.94466919222 62.2713044797146
47.5005106647112 -436.702592139787 62.300672406999
46.141480460812 -223.942473427716 62.3323677110696
44.9692049743702 -439.335684849973 62.3660814408309
43.3362219389031 -234.267783740966 62.4014035324199
42.5518869719742 -263.68788242141 62.4379366200806
41.0676340067053 -384.50580584651 62.4754036324008
39.9174393639992 -172.619603043559 62.5137195725409
39.2699253211967 -136.463587690352 62.5528710053956
38.7435886646024 -93.7233393119337 62.5926891063488
38.9536055152148 -5.72719771280818 62.6328037045243
37.9996390053373 -310.712381814565 62.6726514822914
36.6707739147764 -346.717843735896 62.7116114439821
35.6903317442561 -54.4098074408473 62.7491289643181
35.3118601956529 -225.67985020506 62.7847436365984
34.3103440745926 -239.994774560582 62.8181041841377
33.3747099932308 -230.212725413484 62.8489697657381
32.6847655375069 22.6339025636326 62.8771916664821
33.322299769822 173.358570819149 62.9026738679278
34.0274641430326 165.539949814287 62.9253569692824
34.7022129120489 211.309358233476 62.945211021502
35.4319217363952 46.8978498937055 62.9623657546401
35.2657016630862 -50.3069858610046 62.9866225659606
35.1243666295189 -36.6906331800273 63.0079516689128
34.9847013858581 -24.4633217037808 63.0262620041542
34.9062698480061 -9.85737840473958 63.0414193051932
35.0019272661375 51.7871573011474 63.0532445536603
35.2448227766502 72.3183169550111 63.0615360501115
35.5181535121818 23.1028077334879 63.0661243494154
35.1737683440409 -155.663486466826 63.0668989851568
34.4522537817545 -220.900702628536 63.0638649940605
33.5193167258508 -224.514180650236 63.0617576882293
32.6741504850133 -170.322603202343 63.0625132345708
32.6191274352539 96.1893211010526 63.0606325021661
32.9695169053897 72.9157757033002 63.0562903495249
33.3607004523543 123.604587159487 63.0524159042128
33.7388301863639 54.7784285781417 63.0509818400098
33.9907096854549 105.885504680581 63.0483166197494
34.5030366969887 108.601310865144 63.0532364272969
34.8109814220666 68.288732661979 63.08016623223
35.0163065063263 27.6141524745843 63.1046764027418
35.0672083181389 8.15321203843629 63.1270019348449
35.1427450582509 29.5786713697423 63.1473899670344
35.294493454013 52.0736207398742 63.166068010264
35.5024751158592 26.2099713145266 63.1832270961466
35.3645907033179 -86.3980230850319 63.1990219298994
34.9466800649852 -110.202127704898 63.2135703378195
34.6103728217996 -35.6082552359207 63.2269608595187
34.7799208535363 107.207115635071 63.2392580135162
35.1795133076145 56.9801042102948 63.2505075886835
35.172605113001 -47.0706898261824 63.260740698254
34.9379847089345 -63.493956942761 63.2699767796546
34.6594452622155 -74.7954051941888 63.278225853723
34.3972828537382 -44.4118031145356 63.2854902527351
34.3344417489008 5.1547019018042 63.2917660238228
34.3428988605989 -10.8310636716741 63.2970452886578
34.2458287903054 -27.8409567325118 63.3013191006359
34.2237996284105 27.1384809537653 63.3045781960535
34.4682839733078 86.5705535498828 63.3068130038144
34.8227038200667 82.778151437508 63.3080130025767
35.1172702615651 59.3567983881592 63.308165680097
35.2143785165139 -18.5702868177487 63.3072549902562
34.9808488528336 -86.4289204740803 63.3052589721045
34.6536294019643 -62.700794869026 63.3021464585028
34.5337841785616 0.495506130764084 63.2978725085772
34.5762266333647 9.10523132948968 63.2923720497587
34.5621789544189 -16.6540048807096 63.2855514471314
34.477939767585 -16.2478219510373 63.2772776077815
34.4869546798118 20.3903200504299 63.2673640452625
34.5602224352807 3.91634419744967 63.2555530786965
34.4905630125134 -28.7626073911494 63.2414929025201
34.4765745834029 40.3705607904694 63.2247320144823
34.8540886356403 136.615078413372 63.2048177247734
35.3787256748905 100.866590765136 63.1999407161442
35.5878434350122 10.6333320503189 63.2269300455349
35.5560100106027 -23.5060915932803 63.2502201615034
35.322438368554 -105.587930084817 63.2697063770694
34.7694119553071 -137.101150220863 63.2853027035404
34.469242190686 -0.681477847475465 63.2969397483218
34.7395930129733 125.653797082227 63.3045730666048
35.3187128725125 129.900258622338 63.3081967002658
35.5558202701789 -24.9982294481779 63.3078608877396
35.2412335714303 -111.753218304687 63.3036921298877
34.7725969573605 -109.070802852982 63.2958929535003
34.5334031517237 6.02863771989787 63.2847021679184
34.8364460867349 125.060088672412 63.2703738309981
35.2669550743897 59.7548286185336 63.2531657754147
35.2846032049142 -36.9669815839263 63.2333293815663
35.0623440514323 -68.4785544450857 63.2111007261482
34.7784761536469 -67.8951173783088 63.1955859869153
34.5536285011609 -41.2064238834917 63.1941392363502
34.5084940764025 23.7707365547731 63.1952335213965
34.6854981996468 48.6387888456579 63.1947109945317
34.844186496441 33.2162139019982 63.1916680917629
34.9840050676314 39.0260158786144 63.1861539124486
35.1178076042741 21.1414324908878 63.1782388619428
35.1289742997155 -14.5152607232681 63.1680091466944
35.0387204826302 -22.615652053534 63.1555625216023
34.9965961690825 1.23001421034856 63.141004001705
35.0167080782816 8.48459395988242 63.1498690030684
35.0738966271143 20.0724178869978 63.1570723784102
35.162867821676 22.6478308396584 63.1613599658381
35.2700516685352 34.9868456427549 63.162777485197
35.4378798873721 43.3533822975631 63.1613921334654
35.5784856769636 27.5315660482424 63.1577937137005
35.6627345317478 12.8373998997065 63.1585312434526
35.6496922630061 -22.2552746945983 63.1568766545004
35.5236744834559 -30.5200611590238 63.1537320372082
35.4630178931641 1.89725939461182 63.156690069635
35.5483055842015 42.9518716677686 63.1577546959607
35.8026877781486 75.3865240305088 63.1569357716532
36.0348895853305 28.170659110389 63.1542635144865
36.0074138905858 -35.6563793934626 63.1497900701439
35.8132351800224 -56.4724120496252 63.1435911819206
35.5663364393726 -64.9125018241184 63.156672080262
35.3241751409443 -52.9707236310561 63.174319511261
35.1422450397313 -38.5837174981181 63.1893238110659
35.0141068432605 -24.6661044357625 63.2016332433358
34.9866250717463 18.2725415709429 63.2112245179968
35.1775854713308 70.9189564468068 63.2181037147914
35.419294585942 32.9312202820373 63.222305776038
35.3918092250599 -42.8173284252505 63.2238925540413
35.175815270941 -48.8050588592304 63.222949510617
35.0659474042878 -5.62987848477106 63.2254958537294
35.1056310910328 19.9939386147556 63.2358200943585
35.2008260528635 27.3172336966825 63.2449565280054
35.3397158615545 44.8355729804987 63.2529133545351
35.5670512600879 66.3697904137524 63.2597136721871
35.811600346938 48.5156059533558 63.2653953178518
35.919499351964 2.72892147861964 63.2700101349132
35.8271141902535 -47.5717897402734 63.2736256096428
35.5774702312344 -66.9656216288459 63.2763257224143
35.3560222953961 -42.604875188711 63.2782038750147
35.2113142431939 -35.207616653909 63.2793539361663
35.0508481810929 -44.0131240319427 63.2798610881661
34.8679009638076 -48.2640241410272 63.2797933200764
34.6470651501957 -63.647768420966 63.2791944014581
34.394840408532 -51.3446943147197 63.2780790556404
34.2942302808005 1.2237301978139 63.276430849872
34.3896906044606 45.2319367786148 63.2742030379265
34.6590015778284 87.0783107265073 63.271322258488
35.0365716478258 95.5248758975618 63.2676946790211
35.3779463729283 65.1734530580145 63.2632139135286
35.494116864339 -9.28316841960987 63.2577698925742
35.3361564773574 -60.8671952113813 63.2512577541551
35.0615947497697 -74.0145080059964 63.243585604126
34.7489776369581 -81.637737033132 63.2346778751841
34.4231393011105 -78.4071521609682 63.2244726135734
34.133648692566 -65.8316846404756 63.2129243313468
33.9143791429714 -37.5344036079551 63.2000113669827
33.8802309141344 23.2463494610123 63.1857397310698
34.0912606412013 75.6789000452863 63.1701446291071
34.4103529647256 80.6423817344241 63.1532911581017
34.7482205471579 89.4459137553559 63.1352741373545
35.0557432737146 45.412304870573 63.1162170178731
35.0149446063756 -66.8523645873549 63.1083080651694
34.6529275745752 -84.5402060455109 63.1081595498945
34.5056056567284 13.8254054285193 63.1080161292485
34.6861757171037 60.8911660128429 63.1106482319613
34.9245480258653 59.3624565332637 63.114579517458
35.17310283606 64.6606575130992 63.1276793758087
35.4273262444321 59.5678248336238 63.1572025856093
35.6332527490889 44.0318995345401 63.1858751157605
35.8136951383367 51.4786500648662 63.2135563794328
36.0464278595236 59.8971105943846 63.2401232533167
36.2576829589159 44.6926039675452 63.2654700841702
36.4062499112669 29.4338181141521 63.2895076253212
36.48831345412 9.43701362834582 63.3121648862103
36.4570913797185 -26.8209021804946 63.3333832991444
36.2977717055526 -44.1442604757062 63.3531116670488
36.1876107841949 -2.70721900907682 63.371305782557
36.2850428751874 44.0348447718078 63.4023726900851
36.4466106722688 29.0418806067962 63.4415983824617
36.517684469258 8.9690265941564 63.4788712667822
36.5344018400528 0.292096585642366 63.514052843274
36.5226166822203 -5.88790135129306 63.5470073087547
36.501107194813 -2.05625223605042 63.5776048017428
36.5188081812473 10.0825292824286 63.6057217457888
36.5605176432389 7.72423702560679 63.6312353416068
36.5672042452246 -4.10869551899166 63.6540221789128
36.5256602591921 -20.17433694538 63.6739591968406
36.3886381480486 -44.7936858536145 63.690925251369
36.2441819194122 -17.9065272756316 63.70480327804
36.2778508486694 32.508294176442 63.7154831094823
36.4410452569283 37.4886274494222 63.7228651593754
36.5140681610794 -0.91923282056574 63.7268651052908
36.4801084739612 -8.37518588326635 63.7339365905244
36.4745230408684 5.92680971979967 63.7456413087661
36.5137216113421 10.583024889774 63.7548213709489
36.5379945287921 0.309837556217987 63.7614878443853
36.5020523548178 -21.861482181098 63.7656579868394
36.3485660537437 -50.7417467140053 63.7673482472373
36.1781217034664 -24.8891037064862 63.766570796078
36.1885600593231 30.5113851756526 63.763333971751
36.3753033780651 50.435630127156 63.7576524366146
36.5145466799196 18.4764632089321 63.749551536323
36.5467722014296 1.15589310441813 63.7395862403498
36.5438818979102 -1.39666503720982 63.7457347364602
36.5409248868223 -0.224315627813108 63.751159913224
36.535449275974 -3.14390164335372 63.7560179760318
36.5233225823337 -0.969207486542611 63.7604585145331
36.5371228011938 7.63595916075057 63.7646269469626
36.5731497946146 9.07543429160665 63.7686616354726
36.6153602650035 13.2288163183888 63.7726917328835
36.6835367912394 20.5515317770082 63.7768350143219
36.7706515520023 22.5083836036991 63.7811964455895
36.8783400882348 33.2752524689885 63.7858678180426
37.0257239819831 35.5821479451187 63.7909285669819
37.1230088188708 11.009004568007 63.7964445313493
37.1247521195697 -7.98900443674751 63.802466193902
37.0697866456046 -18.484772667095 63.809027409093
36.9819789020501 -25.7370164645248 63.8161348894152
36.8593577219836 -35.6209297042965 63.8237278138853
36.7085946105148 -37.0561680860658 63.831666095362
36.5815652137155 -24.9250527237983 63.8397435778502
36.5135920778126 -8.90324229210345 63.8476997460951
36.5118652512953 7.98405632832423 63.8552285105845
36.5747257637458 23.0660790072354 63.8619881230778
36.6949586112272 36.48080149607 63.8676094051215
36.8494487681258 36.2571767384426 63.8717020446019
36.9561374035009 16.4660005372865 63.8738766786986
36.9948217365798 5.32172771641469 63.873787154498
37.0107536075246 3.02376022001926 63.8711415623169
37.0220509929861 4.37376510585828 63.8657061784321
37.0569230266679 11.9892104547823 63.8582741521283
37.0896864609407 -0.0847515552531164 63.866670663251
37.0423253117229 -20.0608783535031 63.8729416195749
36.978803950864 -7.9701294931979 63.8770578884655
36.9792561949389 5.96375412233822 63.8790167944076
36.9992908997478 2.67322932093103 63.8788396988964
37.0041874899437 0.0225844183056302 63.8765690472467
36.9900005008679 -9.40034371124063 63.8722651979231
36.9182196209607 -24.9600082284622 63.8660024844033
36.8271287313988 -16.7902479790234 63.857864732717
36.7915064059268 -1.7401326601757 63.8479407683918
36.8048670582859 8.59457889979884 63.8363207240267
36.8696504738926 23.3611103018868 63.8230921365434
36.9566807368932 13.4383814069421 63.8083360887313
36.945955075301 -17.5815503609425 63.7921286657226
36.8609598187703 -18.3621550295512 63.7745441205641
36.8188514729605 -3.28613169760222 63.7556601846699
36.8207005018864 2.78719278168279 63.735572787529
36.8451890347678 9.57645617607969 63.7337620156937
36.8795802021512 3.59934022727193 63.7510484976368
36.8454674694009 -21.8395608451307 63.7671048353024
36.7270084801044 -31.6235152086228 63.7817885065975
36.6225655270103 -19.20666144144 63.7950042276908
36.5736190495803 -6.30667348762688 63.8067002053019
36.5652397268798 2.6458779110607 63.816854052189
36.5970302150547 11.257407021475 63.8254597333021
36.623944330077 -2.10850745196102 63.8325170405867
36.5650153533332 -25.7162686096958 63.8380212569598
36.4536705146717 -25.3655217107994 63.8419586714248
36.3742921125729 -14.2763314142279 63.8443078094239
36.3369156936655 -4.62593089858411 63.8450445060387
36.3392061758297 6.87299605811656 63.8441490097312
36.3964710522606 18.7541539736307 63.8416154944867
36.4485577220522 3.08582975878192 63.8374639685703
36.4170974814849 -15.9135614347495 63.8317466469363
36.3501684793683 -15.0949541189896 63.824538335986
36.3003819661781 -10.2657548255986 63.8159161563176
36.2680459265472 -5.77511832922839 63.8059568799184
36.2532243914102 -1.92010505547466 63.79473770711
36.2499200480644 -0.162332619431836 63.7823433069544
36.2523794597943 2.41861350357173 63.7688726902641
36.277964146319 10.4197788114563 63.7544207927788
36.3233551534457 9.74362290728513 63.7390656382523
36.3431320532229 0.233796746106625 63.7228669278599
36.3355059630652 -2.6592182596684 63.7058650775644
36.3256519647034 -2.78552652016139 63.6880802681537
36.3054827336727 -8.44497806509158 63.6695115624014
36.2507628330269 -19.2749218719942 63.6523408897305
36.1563362179538 -26.5656423231914 63.6597111264421
36.046448505871 -26.5056920285518 63.6669435395913
35.9670077359058 -10.5706532607952 63.6738504469561
35.9738236996094 14.0633887282277 63.6802204681762
36.0668219421807 29.3093937541236 63.6858258298318
36.1834720369641 26.9963150658247 63.6904325246871
36.2696987996125 15.125418196089 63.6938141553699
36.3087767895882 6.51968724722713 63.6957674824884
36.3381707992462 8.65235541901357 63.6961249920272
36.3720196586194 7.48876778007147 63.6947547058675
36.3950825593765 3.4750381202013 63.6915532899838
36.3870630943235 -9.47953856488495 63.6864408112679
36.3133681336101 -26.5152151637118 63.6793624055489
36.196343460152 -26.3585338960044 63.6702858460561
36.1526910202272 9.04629634412046 63.659199054099
36.2776614190347 51.0383892409557 63.6461075655567
36.5081338925684 51.778806608335 63.631022042587
36.6034574261447 -8.49520032308268 63.6139352757748
36.4598139542303 -55.9679956346619 63.5948173625589
36.2149393163201 -59.908824908897 63.5736178897901
