# Fix print output for fix writeZ
66.843 -537.894048846143 62.0685
64.6914387409074 -537.763883166222 62.0911102865177
62.5880566324055 -492.88782996221 62.1132750230551
60.6736101841472 -472.619396556813 62.1348184258525
58.8628863761795 -405.88843261372 62.1555615209208
57.1963546827051 -415.156825069418 62.1753250819749
56.4855758182858 226.530456571323 62.1968658599262
57.4407295576869 237.474046980983 62.2197050571543
57.4731076806828 -223.430670257091 62.2443728951247
56.5363287417193 -220.607963467504 62.2713044797146
57.2221044909634 415.450184498357 62.300672406999
58.7516112980899 352.637044766919 62.3323677110696
59.5880871011121 -210.969445465419 62.3660814408309
58.275463894377 -338.055724079521 62.4014035324199
56.9785275485879 -325.669118227472 62.4379366200806
55.5782082056634 -343.514010498553 62.4754036324008
54.3998544134257 -164.352322124109 62.5137195725409
53.8247070156687 -155.733489102213 62.5528710053956
53.1821473416552 -152.151297882553 62.5926891063488
52.6376535025125 -129.532712715325 62.6328037045243
52.1083845862547 -158.073970264379 62.6726514822914
51.1367638099715 -239.760118585152 62.7116114439821
50.1633966267669 -260.287469286783 62.7491289643181
48.9942902137577 -276.746693698347 62.7847436365984
49.0221862641552 213.71955569859 62.8181041841377
49.9273042791207 239.934687382546 62.8489697657381
50.4824106407852 -42.0470194160072 62.8771916664821
50.140592811869 -137.160630093031 62.9026738679278
49.1549569725824 -299.648205100968 62.9253569692824
48.4920633174837 38.8453505054591 62.945211021502
48.7399146314488 3.17469640365706 62.9623657546401
48.6585104615569 30.1152296813606 62.9866225659606
49.1330809363485 160.31915807718 63.0079516689128
49.7838631528966 147.409973518859 63.0262620041542
50.2491507555878 115.325133948612 63.0414193051932
50.8654285387776 171.398580102412 63.0532445536603
51.3390821629755 31.8904859790947 63.0615360501115
51.1619823539525 -79.041681859201 63.0661243494154
50.901913857276 -56.5418377664702 63.0668989851568
50.6763826956441 -46.1732156589274 63.0638649940605
50.6785111136853 62.7563014718238 63.0617576882293
51.0496921345217 94.2437173467381 63.0625132345708
51.3710372173145 73.9129516961737 63.0606325021661
51.537194060693 -3.50753898224675 63.0562903495249
51.4414816613813 -17.764215635573 63.0524159041178
51.4803017435163 26.497964613769 63.0509818399245
51.6310296382876 57.245163701682 63.048316619708
51.989849326345 113.517907441996 63.0532364272969
52.4239354729006 93.9957266466724 63.08016623223
52.7457333249281 67.4379151526387 63.1046764027417
52.9601975238838 41.0489717423158 63.1270019348449
53.0897108315765 24.8888716786197 63.1473899670343
53.1471971523904 0.684941137739919 63.1660680102639
53.0759279912268 -37.7943019102764 63.1832270961464
52.8519980646598 -69.5733697573433 63.1990219298991
52.5572376747889 -76.9548910135464 63.2135703378191
52.2317113511447 -86.5593321922567 63.226960859518
51.8605446202892 -98.2665637704338 63.2392580135153
51.4609407370585 -99.9234488052025 63.2505075886822
51.0666254750579 -95.5284092543368 63.2607406982521
50.7266778917271 -64.5381844731836 63.2699767796519
50.6277150017998 18.5661337214732 63.2782258537191
50.8416793583579 78.0742244957263 63.2854902527296
51.1894440161198 94.1204917017271 63.2917660238151
51.5825331347497 100.587978050491 63.2970452886471
51.9752562749503 93.3293454179806 63.3013191006211
52.3263317640431 83.4742467391728 63.3045781960332
52.6462620188204 75.769317577519 63.3068130037868
52.9128393655134 51.7469208037203 63.3080130025393
53.0284726373622 5.76042498769662 63.3081656800466
52.9763801280909 -29.7646755468065 63.3072549901887
52.784738994523 -68.6097041634928 63.3052589720141
52.4325372596317 -102.272858769945 63.3021464583817
51.9976875666865 -115.44477358207 63.297872508415
51.5154443417363 -123.091127884215 63.2923720495413
51.0363943062212 -113.598466728943 63.28555144684
50.6808677083129 -48.8246656865597 63.2772776073915
50.7137356975073 64.2086081324501 63.2673640447409
51.1174850893823 122.936379924673 63.2555530780006
51.615990232881 117.357923255176 63.2414929015932
52.0265882000662 89.5475953654604 63.2247320132503
52.3580834856267 77.0685434989268 63.2048177231385
52.625369828587 56.2503929318281 63.199328943503
52.8049169049042 31.0505984909469 63.22627001557
52.8554343808637 -6.44137957207273 63.2495118963882
52.7604897649518 -42.4152820821094 63.2689497483362
52.5370831388506 -56.2949840330379 63.2844974916012
52.4366018688037 15.6659305217908 63.2960855779371
52.6466409866652 79.8819578155841 63.3036693844854
52.9975166608006 84.9456502621879 63.3072428037699
53.2629371497788 47.4676186627643 63.306855968487
53.396897932121 21.1077139502162 63.3026353817324
53.4173753181285 -14.9645386658221 63.2947835904057
53.2649972353976 -57.5338452650005 63.2835393852287
53.0165323801649 -59.8592318757433 63.2691568319723
52.8187503625825 -37.2755066133891 63.2518937456119
52.7127651000666 -16.271822539584 63.2320014957104
52.7107811830751 18.0388573368399 63.2318786654231
52.8412702050429 39.7072863602648 63.234133583714
52.9570255773861 12.5786490430358 63.233536888574
52.9587191285342 -3.61932743648696 63.2301031310223
52.992441027903 25.2973754800581 63.2238677186447
53.1768740322952 67.7126684195073 63.2148858732879
53.5289688631149 102.690941623485 63.2032312094361
53.9134390703279 78.7735436418859 63.1889940182633
54.0914492847954 6.47471949734786 63.172279307389
53.9784242107789 -56.8905970327304 63.1543155186022
53.7104148406372 -66.4155112552789 63.1398309080343
53.5196770049614 -23.8783620003641 63.1520985263369
53.52773136682 30.5159122933964 63.164941909356
53.7651335487832 78.9392159794584 63.1758114426212
54.0130856556993 25.3645674777296 63.1846681550767
53.9166940583292 -62.2069114012235 63.1914868947286
53.6628250418058 -47.731472281352 63.1962574412301
53.588192712846 10.4615401748577 63.1989855583039
53.7314974983683 57.1108728757709 63.1996936537728
53.9907545964833 62.8053244896503 63.1984210949979
54.1480716523722 7.84419931721252 63.1952242341101
54.0658753651533 -35.280367729968 63.1901759657351
54.0039368296109 16.4079847125945 63.1833653084208
54.1938339878765 66.4896094751707 63.1749005335401
54.4142870265394 33.8142855520964 63.1649103290685
54.4546131059305 -10.5307971098078 63.1535393648999
54.3641465103802 -30.1842446810066 63.1553705684553
54.2576135475477 -16.5137202000187 63.1729385678024
54.2656038465921 20.301259214555 63.1878619199298
54.3752450231553 25.489158582553 63.2000890873126
54.4197735614542 -4.33891367553717 63.2095969533733
54.3590411343894 -22.0088920354574 63.2163917205409
54.2727678883441 -18.6202866422016 63.2205083784212
54.2315135253584 1.63865481245667 63.222008729947
54.3089872372538 36.6231783553191 63.2209780750551
54.4678531517283 31.7671907240112 63.2251463259046
54.511347599177 -9.47520365544195 63.2355383832082
54.4435489079904 -15.9950523446088 63.2447474995442
54.4159285862506 2.02593871582069 63.2527822291368
54.4294324354596 -1.96132386170437 63.259665924637
54.3700377103502 -26.2304250928972 63.2654366724783
54.2654548325133 -18.9120470269363 63.2701467668663
54.2509034481473 11.2254116554186 63.2738640876258
54.3235961936998 18.8667594468622 63.2766729649535
54.349721161872 -10.5022440034409 63.2786671240857
54.2495862054091 -31.8324208778623 63.2799407023224
54.166778359095 -4.11735314560727 63.2805790582994
54.2106150846724 21.3727871436786 63.2806502240025
54.3183477967124 32.8197679680148 63.2801978409477
54.4575326065043 30.5486314165974 63.2792363047564
54.4982588035581 -16.0309789242551 63.2777486387386
54.3280918246577 -63.9655526716615 63.2756873331939
54.048000832097 -68.3551289813768 63.2729780552493
53.8575314553849 -18.0224291031876 63.2695258174421
53.923471194869 46.2591036450868 63.2652229321858
54.1533328682432 59.8844372346666 63.2599579310113
54.3360972499916 22.8323120283805 63.2536245404774
54.3043120666448 -36.8090515281374 63.246129520169
54.0944984137725 -60.0131770216805 63.2373957464308
53.8541944395469 -58.3235575067893 63.2273594818838
53.675655148738 -22.3897133365954 63.215972800787
53.7130793914919 40.0729496007937 63.2032105547164
53.9440336801761 66.0727724956331 63.1890750033861
54.1913583212299 50.0676173496731 63.1735974580868
54.2817262966356 -8.2775507318645 63.1568390462015
54.1477173178743 -51.5549573077971 63.1388906361498
53.918124260188 -60.5369008793136 63.119871870004
53.7130892153204 -30.402294438257 63.1062634762017
53.7342108549096 41.1075324042584 63.1058749115122
53.9839839720109 70.8750748202235 63.11056103007
54.19106724545 22.497119786744 63.1140062736574
54.1376875107255 -45.6413701570532 63.1162215631942
53.89171486648 -65.6067520788029 63.1299696606337
53.7164350190546 -11.4903604496756 63.1682673528356
53.8235796789497 60.1100783439476 63.205640258308
54.1081678010979 65.7299677311549 63.2417928869533
54.2449481289259 -3.77184583135133 63.2764398344864
54.0890346927954 -65.5823614077174 63.3093148005992
53.8257183391682 -51.7039416282051 63.3550232364191
53.7602634374286 24.0788028378263 63.4005450180028
53.9957894072241 83.1193791553207 63.4433301672408
54.3133296005791 62.5041325362757 63.4831039250882
54.4323119981186 -4.49005051851331 63.5196075951725
54.3175650173383 -43.1220160442105 63.5526109500542
54.1465609124797 -40.3822276894923 63.5819246480848
54.0087897317885 -23.4232149322027 63.6074123204459
53.9969857631375 18.2367963123431 63.6290046357973
54.1192602338331 36.0722216178464 63.6467098230464
54.2581448858998 32.798484700815 63.6606035478387
54.3697500169395 20.1649671201578 63.6708151249226
54.4046725706108 -2.13836739343161 63.677513672868
54.3764029751725 -8.59628367940339 63.680895741288
54.3485004950289 -4.87362761269582 63.6811748570634
54.340160202423 0.779137577655326 63.6855830595182
54.3463327622029 -0.405149623185566 63.7030103465164
54.3176943323999 -13.6095183803356 63.7170316219824
54.2599184199525 -11.841435899107 63.7275017404762
54.2411824945042 3.32743966829196 63.7343004006771
54.2779934612049 12.3150514320303 63.7373860755754
54.318984965846 7.06446722216965 63.7381366767065
54.3428934097352 7.43566773460448 63.7360427105486
54.393217716332 17.640849749562 63.7313035600612
54.4648072742144 14.6047029803112 63.7241163507665
54.4955049588807 1.24389519575845 63.7146654751851
54.4882789909722 -2.8796388829562 63.7031197242305
54.4840955389179 1.61743251388062 63.6943223972225
54.5015788274314 6.05813895055273 63.7059572705587
54.513443641875 -3.06947803235159 63.7163993580264
54.4648863916217 -20.2722127132109 63.7256543353975
54.3776721114632 -18.9151798788612 63.7337095475832
54.3415373306153 2.80741282887838 63.7405395748854
54.3960701223743 20.9747018283721 63.7461125734268
54.4701902102458 12.1385057370631 63.7503982266696
54.4838384154122 -3.84914987341083 63.7533764894212
54.4671783602955 -0.0867133611608433 63.7550451590546
54.503989597241 18.5502973430066 63.7554261954191
54.6023162808479 28.4648576590512 63.7545702448878
54.718315414721 27.6673464947444 63.7525559642515
54.808384508372 15.6128534810577 63.749483325957
54.830808221805 -5.72027539701988 63.7468279337562
54.7593591516834 -28.84383428497 63.7667096854789
54.6224805803015 -36.0539993382735 63.7862197372491
54.4895076911276 -29.4094327926773 63.8052554809983
54.4014595839635 -12.6217102608256 63.8236725857982
54.3908045043221 5.50738672429463 63.8412853098411
54.424336138317 9.15818786709566 63.8578699059941
54.4557619265706 5.84336790597623 63.8731709963569
54.4660781040769 -1.15662093407904 63.8869110056264
54.4459055103205 -8.42160120811844 63.8988033945702
54.4096493862339 -6.92991154692079 63.9085876320213
54.415682652502 11.9188518529327 63.9160722961831
54.5001116300415 27.2023638113333 63.9211257856136
54.6027700747715 20.9305441454071 63.9236560440914
54.6449564129461 -2.29755229666435 63.923594096946
54.5785172959878 -29.0233323865746 63.9208832641316
54.4485560032229 -29.7599115209912 63.9154759964135
54.377791233013 -3.42773460787827 63.9073431765935
54.41444844195 17.9623910269778 63.8964933754032
54.4865018486357 15.3110091866258 63.8829993777698
54.5284812311929 5.24849332806919 63.867018067939
54.5281299189192 -4.94816936221979 63.8579713432117
54.499280241994 -7.42276584855726 63.8614170715966
54.4822964807891 -0.336024313042719 63.8628214998573
54.495596302567 6.48280016622883 63.8621904985978
54.531880087159 11.5241344497022 63.8635978380098
54.5839647811905 13.2928594245602 63.8740512866131
54.6189642972171 1.45441212171483 63.9046613335921
54.5832408108956 -19.0293290548762 63.9334724590741
54.482896385845 -28.0852477593919 63.9602426426636
54.3844321178602 -18.2396324672798 63.9847287327967
54.3512626948859 1.66992902174742 64.0066971634785
54.384491096533 12.5984598201974 64.0259638555895
54.4380523491862 13.1358899107527 64.0424141080213
54.4790309092786 5.22527950940263 64.0559938881245
54.4627884861107 -14.6527617035073 64.0666987547956
54.3695163831678 -27.8897426872546 64.0745631023269
54.2857999316762 -9.12432831473859 64.0796505721165
54.303512083 14.4585596941475 64.0820460190021
54.3539609943733 5.15668954729812 64.081849058821
54.3280621360028 -17.0790593403466 64.0791689653152
54.2349102433947 -26.2027577803187 64.0741205859865
54.1565001586488 -8.05995799449221 64.0668210214255
54.184811968757 20.0877486187208 64.0573869136329
54.2763157936822 19.1985419387467 64.0459322509733
54.3017597779436 -7.58566625099201 64.0325666282255
54.241932678488 -15.7006903218334 64.0173938761548
54.2230873221894 8.86161277762179 64.0005109674223
54.2975148525235 22.9696355911937 63.9820072216716
54.3613131904479 4.83508206828347 63.9619657182605
54.3261302771879 -20.7203216185274 63.940467008177
54.2315276157383 -20.5266656943032 63.9362300298517
54.1957892698859 3.76516774528406 63.9460426322354
54.2464894488836 17.6846990399629 63.9542719069837
54.3093453834855 12.0052070013869 63.9606799363919
54.3395307262622 3.60824130411055 63.9650546814501
54.3449543431969 -0.125133455858193 63.9672088542072
54.34195692391 -1.21434998559677 63.9669765466221
54.3361076626349 -1.51442576631269 63.964213389479
54.3319594602889 -0.336625159083319 63.9587956345658
54.3348656619076 1.93465785169363 63.9506164830708
54.3469825040993 3.71324130215564 63.9395805991394
54.3604478014314 2.70958606972294 63.9256006201843
54.3698841031163 2.5948851812839 63.9085967599473
54.3864635500647 6.09328736405228 63.9127122247173
54.4199512319852 10.68283925787 63.9174431383771
54.4713282743226 14.8571082419242 63.9200410232118
54.5384013780196 18.6914643057795 63.9202658578656
54.6190132356695 20.8145139741741 63.9179062152462
54.6899947559053 12.2837364658129 63.9127867820022
54.706328862969 -3.95581753016633 63.9047706342313
54.6709551265294 -11.6008485655787 63.8937579725129
54.6241275590379 -11.564455828529 63.8796906433736
54.5766623968271 -12.557070322271 63.8625563569276
54.5199528995387 -16.1393462777923 63.8423906973679
54.4497969630087 -17.8730385338422 63.8192767077892
54.3926430758022 -8.17161714544681 63.7933410735874
54.3983180252494 11.5859792146302 63.7647359067995
54.4802038034412 27.6186953446935 63.733612592016
54.5942815770847 23.9992001252322 63.7001029621291
54.6297444777432 -9.24786098831486 63.6643039651367
54.5305768287533 -34.1086248366829 63.6262645710509
54.4306639808106 -8.00289500958818 63.5859745296198
54.4820316842546 29.0278784242917 63.5433550809773
54.5850575987201 11.9377487494234 63.4982422045445
