# Fix print output for fix writeZ
66.843 -537.894048846143 62.0685
64.6914238046155 -537.894048846143 62.0911102865177
62.5558821521542 -524.366578605902 62.1132750230551
61.4756078497118 326.792730622542 62.1348184258525
63.1744893756307 463.90664809871 62.1555615209208
65.072065515206 477.874229326007 62.1753250819752
66.9835624325101 477.874229326007 62.1968658599262
68.8950593498141 477.874229326007 62.2197050571543
70.8065562671181 477.874229326007 62.2443728951247
72.7180531844221 477.874229326007 62.2713044797146
74.6295501017262 477.874229326007 62.300672406999
76.5410470190302 477.874229326007 62.3323677110696
78.4525439363342 477.874229326007 62.3660814408309
80.3640408536382 477.874229326007 62.4014035324199
82.2755377709422 477.874229326007 62.4379366200806
84.1870346882463 477.874229326007 62.4754036324008
86.0985316055503 477.874229326007 62.5137195725409
88.0100285228543 477.874229326007 62.5528710053956
89.9215254401583 477.874229326007 62.5926891063488
91.8330223574623 477.874229326007 62.6328037045243
93.7445192747664 477.874229326007 62.6726514822914
95.6560161920704 477.874229326007 62.7116114439821
97.5675131093744 477.874229326007 62.7491289643181
99.4790100266784 477.874229326007 62.7847436365984
101.390506943982 477.874229326007 62.8181041841377
