# Fix print output for fix writeZ
66.843 -537.894048846143 62.0685
64.6915329079369 -537.387581434505 62.0911102865177
62.6540502356738 -410.064951613002 62.1132750230551
61.3666721745079 -248.784372150801 62.1348184258527
60.5856714159091 -191.714364011955 62.1555615209273
59.6650493332041 -172.039474833203 62.1753250820346
60.6706158971099 391.895707354886 62.1968658599262
62.2344324375332 410.280784779611 62.2197050571543
63.9225921426733 429.68187305346 62.2443728951247
65.649106658756 431.956581801904 62.2713044797146
67.3769329859635 431.956581801904 62.300672406999
69.104759313171 431.956581801904 62.3323677110696
70.8325856403786 431.956581801904 62.3660814408309
72.5604119675861 431.956581801904 62.4014035324199
74.2882382947937 431.956581801904 62.4379366200806
76.0160646220012 431.956581801904 62.4754036324008
77.7438909492087 431.956581801904 62.5137195725409
79.4717172764163 431.956581801904 62.5528710053956
81.1995436036238 431.956581801904 62.5926891063488
82.9273699308313 431.956581801904 62.6328037045243
84.6551962580389 431.956581801904 62.6726514822914
86.3830225852464 431.956581801904 62.7116114439821
88.110848912454 431.956581801904 62.7491289643181
89.8386752396615 431.956581801904 62.7847436365984
91.566501566869 431.956581801904 62.8181041841377
93.2943278940766 431.956581801904 62.8489697657381
95.0221542212841 431.956581801904 62.8771916664821
96.7499805484916 431.956581801904 62.9026738679278
98.4778068756992 431.956581801904 62.9253569692824
100.205633202907 431.956581801904 62.945211021502
