# Fix print output for fix writeZ
66.843 -537.894048846143 62.0685
64.6914497454266 -537.706489176437 62.0911102865177
62.5923579297723 -489.512987706048 62.1132750230618
60.7055936659961 -459.685798107319 62.1348184264545
58.9199879186039 -404.93570679109 62.1555615287625
57.2811720811467 -389.372081679795 62.1753251205958
56.4092608194424 250.173213762357 62.1968658599262
57.7217509796241 349.684047249554 62.2197050571543
58.8948680532765 202.820547517509 62.2443728951247
59.716899666798 216.637272632825 62.2713044797146
60.8258787141439 304.520933207064 62.300672406999
62.1226637493019 366.223254458527 62.3323677110696
63.6630137606091 395.320835920941 62.3660814408309
65.2593427194363 400.832750383808 62.4014035324199
66.8626737209717 400.832750383808 62.4379366200806
68.4660047225071 400.832750383808 62.4754036324008
70.0693357240424 400.832750383808 62.5137195725409
71.6726667255778 400.832750383808 62.5528710053956
73.2759977271132 400.832750383808 62.5926891063488
74.8793287286485 400.832750383808 62.6328037045243
76.4826597301839 400.832750383808 62.6726514822914
78.0859907317192 400.832750383808 62.7116114439821
79.6893217332546 400.832750383808 62.7491289643181
81.29265273479 400.832750383808 62.7847436365984
82.8959837363253 400.832750383808 62.8181041841377
84.4993147378607 400.832750383808 62.8489697657381
86.1026457393961 400.832750383808 62.8771916664821
87.7059767409314 400.832750383808 62.9026738679278
89.3093077424668 400.832750383808 62.9253569692824
90.9126387440022 400.832750383808 62.945211021502
92.5159697455375 400.832750383808 62.9623657546401
94.1193007470729 400.832750383808 62.9866225659606
95.7226317486083 400.832750383808 63.0079516689128
97.3259627501436 400.832750383808 63.0262620041542
98.929293751679 400.832750383808 63.0414193051932
100.532624753214 400.832750383808 63.0532445536603
