# Fix print output for fix writeZ
66.843 -537.894048846143 62.0685
64.6915573468528 -537.313844482187 62.0911102865177
62.666016283185 -398.176438845771 62.1132750230551
61.4447805083045 -187.656996596335 62.1348184258525
61.2087191732552 -22.0139096287023 62.1555615209208
62.3315772351195 481.782772040845 62.1753250819749
64.3079661886005 500.838521706605 62.1968658599262
66.313575989525 501.45005054593 62.2197050571543
68.3193761917088 501.45005054593 62.2443728951247
70.3251763938927 501.45005054593 62.2713044797146
72.3309765960765 501.45005054593 62.300672406999
74.3367767982603 501.45005054593 62.3323677110696
76.3425770004441 501.45005054593 62.3660814408309
78.3483772026279 501.45005054593 62.4014035324199
80.3541774048118 501.45005054593 62.4379366200806
82.3599776069956 501.45005054593 62.4754036324008
84.3657778091794 501.45005054593 62.5137195725409
86.3715780113632 501.45005054593 62.5528710053956
88.377378213547 501.45005054593 62.5926891063488
90.3831784157309 501.45005054593 62.6328037045243
92.3889786179147 501.45005054593 62.6726514822914
94.3947788200985 501.45005054593 62.7116114439821
96.4005790222823 501.45005054593 62.7491289643181
98.4063792244661 501.45005054593 62.7847436365984
100.41217942665 501.45005054593 62.8181041841377
