# Fix print output for fix writeZ
66.843 -537.894048846143 62.0685
64.6914238046223 -537.889337860456 62.0911102865177
62.5625649890441 -518.344083030095 62.1132750230551
60.8759113475869 -185.335073257286 62.1348184258603
60.3064852529762 -185.960303169678 62.1555615210919
59.3258934148673 -234.974232946079 62.175325083277
58.3832084751565 -153.504883298461 62.1968658599262
58.0854872520962 -64.0422947705756 62.2197050571543
58.8969349591347 424.333665700403 62.2443728951247
59.3625628593967 -232.796611294468 62.2713044797146
58.4365920879971 -242.289214965622 62.300672406999
58.069086604536 112.581193786284 62.3323677110696
58.1632299809006 -141.018048519003 62.3660814408309
57.621861032552 -111.020869751623 62.4014035324199
57.1129129618301 -125.820424000963 62.4379366200806
56.7810688058007 -79.6926030493879 62.4754036324008
56.2898349058595 -100.902504684897 62.5137195725409
56.4888037533292 113.464548739063 62.5528710053956
56.9428527621947 139.248108652852 62.5926891063488
57.5617774661257 121.564369058652 62.6328037045243
57.8751877606401 66.3639827038119 62.6726514822914
58.0816784064986 4.78209322867752 62.7116114439821
57.9282833109993 -33.4682496691547 62.7491289643181
58.4504150931941 267.549975964891 62.7847436365984
59.1029460803498 -34.4451732233907 62.8181041841377
58.6707701473644 -129.688868107831 62.8489697657381
58.1442254198467 -130.722291462238 62.8771916664821
57.6055401216132 -148.950906902121 62.9026738679278
56.9482649250094 -167.729080210724 62.9253569692824
56.3651508258986 -122.900613869204 62.945211021502
55.9138559771346 -104.304491132481 62.9623657546468
55.5335979650942 -98.1859520355936 62.9866225659736
55.1454321637139 -90.9482128005123 63.0079516689365
54.8702604035516 -19.801508589981 63.0262620041954
55.1101283753842 117.932564150189 63.041419305262
55.6166684529626 109.479641319187 63.0532445537714
55.7097230037182 -84.8890595593077 63.0615360502861
55.1786051210559 -150.666350829468 63.0661243496848
54.6631011960727 -88.6248105825698 63.0668989855663
54.5230009144506 4.04919412437621 63.0638649946761
54.507799303087 -36.1822986002789 63.0617576882293
54.167092209407 -111.428603156786 63.0625132345708
53.8657422576672 -19.521634168558 63.0606325021661
53.9773980861184 60.327189484365 63.0562903495249
54.282302194897 93.0526144005092 63.0524165764269
54.7229241503722 122.917546495429 63.05098276505
55.2048436127924 113.474485619186 63.0483178848488
55.6487047139935 111.276304379519 63.0532364273618
56.0888060133616 109.534728681583 63.0801662323032
56.5650317320803 132.463375784183 63.1046764028122
57.0920276434993 108.104801828029 63.1270019348936
57.2957555731161 -10.2851822408393 63.1473899670325
57.0438619608815 -106.426627044486 63.1660680101771
56.5177928506619 -150.481150724471 63.183227095935
55.905160722334 -152.847499867203 63.1990219295184
55.3077387134678 -137.023054449354 63.2135703372188
54.8546367484866 -93.7147935460054 63.2269608586413
54.4780573107788 -101.803829087854 63.2392580122979
54.0930979293706 -81.8767851612868 63.2505075870532
53.8561798535134 -29.9177307570334 63.2607406961378
53.9252470598268 68.5865910700835 63.2699767769837
54.3125233872628 98.5899914382166 63.2782258504447
54.6116857895935 52.488741086993 63.285490248826
54.7635997689842 26.7408845327266 63.2917660192989
54.8357790168447 9.6601780940126 63.2970452835655
54.8607242479462 6.68914989781504 63.3013190950441
54.9519240556541 46.2890789581911 63.3045781900515
55.231020729268 84.1909025644794 63.3068129975068
55.5329720520219 61.3889145065542 63.3080129960781
55.7183495201145 33.6277388673212 63.3081656735305
55.8192746522288 16.3194506812342 63.3072549837578
55.8339189444042 -10.1061956991419 63.3052589658362
55.7496375102105 -28.8043029759097 63.3021464526775
55.6228710318126 -34.6013551151564 63.2978725035008
55.4688093187462 -42.8741224490428 63.2923720458976
55.2823859409811 -48.3683446968423 63.2855514452185
55.1226864945893 -25.8171546089348 63.2772776089764
55.0895137610091 6.72155498736009 63.2673640513929
55.1379862473493 12.566433240135 63.2555530926163
55.1685912886916 0.60602249349073 63.2414929286141
55.1139278673434 -30.6835910897717 63.2247320584822
54.9352292608355 -53.5140429643343 63.2048177923662
54.7097257965719 -60.5421951662028 63.2203819817199
54.4274401186618 -77.2874384914972 63.2463989970318
54.1842012349553 -32.5814148293203 63.2685918702499
54.2046607165654 38.6929155861018 63.286866177807
54.413385520577 54.8762690641319 63.3011383318629
54.6137019773153 42.177286009756 63.3113373417672
54.7199781396662 8.02413906661326 63.3174122856024
54.6690839119358 -33.8346001479702 63.3193461700877
54.4450650505844 -79.6794082495851 63.3171746933397
54.0415419180269 -107.328103455658 63.3110083094715
53.776440803364 -5.1795442684764 63.3010432751289
54.0115785591492 103.326263511464 63.2875423655764
54.3683996971256 52.2169821440817 63.2707952658985
54.3821163616648 -41.1955026625591 63.2510936463424
54.1130498981521 -82.7714146298831 63.2453382385126
53.7520303104567 -94.1569981500007 63.2480609741614
53.4389288647772 -50.7451458658284 63.2473476999201
53.3954099205232 29.3857701350642 63.2431505930605
53.6337439939592 78.9997273598449 63.2354645692688
53.9390996688683 68.05990011202 63.2243292679978
54.16228505716 43.1313938319047 63.2098311217642
54.2846433137114 17.4886036661185 63.1921019899436
54.2859691153822 -18.6571801307139 63.1713092224242
54.1462202619633 -46.30882432549 63.1476441125405
53.9822631469007 -25.2182070420632 63.1402989834965
53.9950418118344 32.0475762103147 63.1520588605864
54.193941838906 55.9754536419249 63.1607541135084
54.3480471447199 14.3148914438054 63.1663851166971
54.3017729275898 -33.6282105076134 63.1689851105967
54.1132972197834 -58.6413702500531 63.1686156937595
53.8522319714838 -61.5603067576811 63.1653623031471
53.7373831462545 15.6445352312559 63.159329446814
53.9852775880547 98.5459178378587 63.1582246034795
54.3883651596513 80.7562429176858 63.1565450210083
54.5113939502308 -25.8842307836777 63.1529356361799
54.2167695736734 -106.52112263129 63.1558517205547
53.8521591203327 -55.3681278983326 63.1568737302524
53.849876720366 52.1952422262475 63.1560118585591
54.1735236955165 92.5018096409167 63.1532967292922
54.4820344184795 50.2155651891749 63.1487809543045
54.5133870161752 -36.1775802777 63.1425407807237
54.2403310982842 -87.9674520522708 63.1556274264834
53.9005058767416 -69.8856008450774 63.1732229512399
53.7777420157126 14.4376789071513 63.1881760864334
53.992561787957 81.8685361381923 63.2004355777174
54.3360296776541 83.4491856688159 63.2099786250757
54.5913295496143 35.0296592224119 63.2168117949308
54.5901333638939 -32.9920363579077 63.2209705034657
54.3790868167199 -64.3940579077222 63.2225170573665
54.1133351986321 -66.5752688672822 63.221537349782
53.8857303752969 -36.8136782833343 63.2287871939231
53.8808650881074 35.4686622301898 63.2393486506527
54.1187598891081 72.2454671956305 63.2487361457314
54.3949809970042 57.381135226464 63.2569585244921
54.4989554078251 -10.7981474957771 63.2640391605713
54.3236633966033 -68.2835874150935 63.2700156321022
54.0276768630561 -74.9124734146014 63.2749388244266
53.7745044845635 -41.9876918471114 63.2788754055329
53.7389071406898 24.1292124233116 63.2819087356771
53.9212995122705 57.7132875060994 63.2841315912503
54.1506286671355 55.0073435186368 63.2856370171891
54.3338660144401 28.7247013440548 63.2865089970409
54.3281104627613 -33.1538613717842 63.2868138183547
54.1069452478627 -67.9815996166556 63.2865929863303
53.8560314710056 -46.7505786019826 63.2858584098805
53.8010091010941 21.4851611003394 63.284590369936
53.9877330203235 61.2934393143164 63.2827384879235
54.2259238172464 52.6973576988199 63.2802255762924
54.3477987166539 1.22784543950585 63.2769539386272
54.2232662602851 -58.2568404587996 63.2728134368521
53.9532925666052 -70.116765507893 63.2676904951898
53.7134351840212 -41.8883596606721 63.2614771607485
53.657969215019 14.9678435650835 63.2540790077406
53.8097415323802 55.6215668846254 63.2454176542606
54.0598747695228 65.2820094840801 63.2354281417276
54.3143866923345 57.2120246816549 63.22406108021
54.446454968989 1.00122193870923 63.2112878407435
54.3108232933994 -62.7843378582953 63.19710663853
54.0397704443023 -56.8533152309948 63.1815447408237
53.9506371988148 17.6816372624178 63.1657062074768
54.1564226272923 74.3471755649601 63.1775188654579
54.4284009449099 49.0567280965947 63.1889606879652
54.5010090528455 -11.542813334806 63.1999559390468
54.3824307254041 -40.4708184160397 63.2104385012691
54.2200929859698 -37.4021894146272 63.2203530218188
54.1251536945679 -3.12506308525614 63.2296555236804
54.2158211283618 45.2220321419229 63.2383134409321
54.420617650815 47.0181535021673 63.2463050104095
54.549760177164 16.3318170031097 63.2536139097486
54.5603684700625 -9.07558948242418 63.2602211562904
54.4859199797187 -27.9149885602377 63.2661028903566
54.3478133652249 -36.4254104041477 63.2712290454123
54.2460715836306 -10.4016412373206 63.2755601260585
54.2693602749576 19.973300778689 63.2790457629743
54.390138397634 39.4415430403848 63.2816254748682
54.5658293020068 41.5191122840345 63.2907940498685
54.6445157124313 -9.9139694936404 63.3100886668599
54.4828632252893 -63.5216266158844 63.3526082333518
54.2408403975112 -42.5967526524109 63.3935021790724
54.2068060746401 26.3630444503383 63.4326303119942
54.4042505130212 61.5724019946626 63.4698523881715
54.6149812453766 34.9886792650164 63.5050264451017
54.6379851246695 -25.1154844567711 63.5380119124218
54.4438385785808 -62.9760308569659 63.5686729659126
54.2184026797254 -39.2620297298764 63.5968798135328
54.1863209320949 24.4927012331236 63.6225033969791
54.3742918232936 60.2525226479562 63.6454131678562
54.6034575265361 45.0536485659675 63.6654781673662
54.6656667000653 -18.0590961216901 63.68256869422
54.4825830123357 -64.2155101694605 63.6965586931576
54.2247153866107 -58.49875209954 63.7073290164744
54.0732374524632 -12.2815451662244 63.7147716382334
54.1240551997706 33.0836474141794 63.7216718289293
54.2943223109863 48.3640186217459 63.7355175815299
54.5056076262162 57.3626716939209 63.7467550157036
54.7422690705058 54.991738391958 63.7553842122495
54.86632885089 0.11459238481059 63.7614143141827
54.7395177393234 -57.6332124618047 63.7648561819557
54.4768572253112 -66.3786785510166 63.7657190432432
54.2368985422131 -46.6985129007128 63.7640082924831
54.1744682219966 20.3541754687743 63.7597246952491
54.3836042161108 75.462783816028 63.7528718071788
54.6532516654409 42.624261010525 63.743468919761
54.6554306115897 -41.2214108544007 63.7370933781422
54.4002598814255 -67.2398410852495 63.7411055005088
54.2488268489882 -0.894449158665649 63.7442410146875
54.4018596773176 71.790405213052 63.74665447386
54.6905409886423 50.3628779270305 63.7485000122551
54.716339575606 -37.9127976680624 63.7499347027031
54.4559102154621 -75.5620376093104 63.7511173394796
54.2648914113047 -8.29223311933497 63.7522058263412
54.407547702478 72.1264982946324 63.753353263121
54.6987785430971 54.1155727515948 63.7547045364767
54.7732990589052 -16.5335743288725 63.7563939143487
54.6158175735343 -53.0695764603013 63.7585429187901
54.41077806362 -42.9486363773152 63.7612584309056
54.3258186685341 4.90824896991391 63.7646309974716
54.4378520600367 43.0516320246727 63.7687197267727
54.5763812313326 17.5030051682275 63.7735034197041
54.5575306589313 -24.4564821292578 63.778867699823
54.41866284087 -39.8637369904959 63.7846182827735
54.2668395616002 -32.2709941886651 63.7904938393891
54.1996314747249 2.64500746196551 63.7961761517039
54.2945785001168 41.7513765200626 63.8012984216165
54.4821898158702 42.9420522026761 63.8054510280924
54.5696771458692 -4.68835514477906 63.8196914299101
54.4459629851215 -51.4136137898252 63.837435189872
54.2322299883598 -45.176239730249 63.853669940661
54.1358828661538 -1.45187046322578 63.8681863517759
54.1941528561591 24.8703977746783 63.8807920292319
54.3014218415501 26.6243717738317 63.8913223864978
54.3815123372383 8.34658010498469 63.8996494956146
54.3455441494013 -24.8785197842324 63.905683318098
54.2287169774539 -26.2983990690322 63.9093678357805
54.1615314969657 -8.00855227742032 63.9106791392059
54.1388533497256 -7.0941795120335 63.9096234493929
54.0878772969674 -19.5251825386159 63.9062326959274
53.9759928259079 -37.0614720232596 63.9005613575606
53.797257135115 -48.7874528957032 63.8926829832114
53.6314194336683 -28.2593202198935 63.8826862379044
53.5970540537403 11.176425168379 63.8706708600652
53.699659731871 35.486320252127 63.8567438831681
53.8430698834843 32.5745256071614 63.8410163794543
53.9479349239725 20.1941502776729 63.8236008639804
54.0108851842992 11.9669496631484 63.8046093836941
54.0505883600314 9.30090022725492 63.7841524139706
54.0980273097365 15.8570956791103 63.7623403370221
54.1833973628159 26.5947751474856 63.7392903481188
54.2896306191968 20.7486423578217 63.7151272431198
54.3096768875928 -12.3198230035812 63.708285432878
54.2150745971813 -28.4811564499315 63.7283842418149
54.124507680699 -15.5061452355261 63.7475669317876
54.0794920276635 -9.1494270392523 63.7656595692572
54.0451263737936 -7.79986468785524 63.7824831271413
54.0180862692498 -5.57825612281646 63.7979045428671
54.0169817285027 8.62180103167219 63.8118427540434
54.1039626108305 34.3130661748175 63.8242537345056
54.2673665031195 43.0277919710164 63.8351154428861
54.4239352176029 33.6974204630609 63.8444150332904
54.5336731041083 22.0195077722749 63.8521401601101
54.6098941402461 17.1283815732733 63.8582750896278
54.6634311315102 5.96091234091914 63.8627998341349
54.6316295373793 -22.7855558136845 63.8656922413457
54.4990204159459 -38.8880205247087 63.8669340492291
54.3496839347575 -34.8606977810946 63.8665179883616
54.2215276756656 -29.3040885065285 63.8644459865348
54.1143428649643 -24.348789043494 63.8607251861596
54.0346317415663 -11.3344915619186 63.8553653871398
54.062090635004 27.5988103967216 63.8483838025769
54.2230246796685 41.5338535383579 63.8398168125729
54.3055803201493 -6.00409080483206 63.8297254167043
54.1876093801932 -45.3253620049197 63.8181970119374
54.0128524681755 -36.8339164146776 63.8053292674564
53.9023152388169 -19.3176364005062 63.7912073807131
53.8427991667919 -12.740235652596 63.7759027675214
53.7886270769823 -14.3973185597077 63.7594746470427
53.7352363412978 -11.1892927245028 63.7419670185444
53.7053065014638 -3.0782943078236 63.7234029487774
53.7171584307672 9.66188948339254 63.7037843235735
53.7801384774922 20.4572259228845 63.6830949541525
53.8678969181865 21.9866175463738 63.6613243053618
53.9476778302169 17.0645501241706 63.6384865439735
53.9971460720222 6.41630472646328 63.6350300304614
53.9901945094628 -10.098905485284 63.6355700716535
53.9257024632593 -19.9595625044569 63.634353072936
53.8443216987098 -19.9170460149849 63.6312306256448
53.7666032318415 -19.5180591450374 63.6260722749069
53.6837511604397 -22.0388069821119 63.618769036481
53.5963313017103 -19.3268865205022 63.609235466692
53.5510887778906 -1.33425924695572 63.5974101872352
53.587033502005 17.6140670002193 63.5832544188243
53.6727439351144 23.3876132559616 63.5667454249072
53.7711300727912 25.9961832847443 63.5478645051535
53.880728357267 28.4204066844851 63.5265820902543
53.9927085214866 26.7632067660066 63.5028450446773
54.0910185523551 22.0947244315263 63.4765667942763
54.1681304240702 16.3997049779679 63.4476256095757
54.2221737861693 10.6613029912375 63.4158819802829
54.2540082847808 5.34302995717975 63.3811841798883
