# Fix print output for fix writeZ
66.843 -537.894048846143 62.0685
64.6915434094621 -537.354198191764 62.0911102865177
62.6588659592796 -404.046764761321 62.1132750230551
61.4468497447088 -173.57141401263 62.1348184258548
61.3842150237539 22.0354542307283 62.1555615209867
62.0950226950805 312.606330818007 62.1753250825201
63.5724129526387 450.844201577368 62.1968658599262
65.4426466202605 471.006227243627 62.2197050571543
67.3266715292351 471.006227243627 62.2443728951247
69.2106964382097 471.006227243627 62.2713044797146
71.0947213471843 471.006227243627 62.300672406999
72.9787462561589 471.006227243627 62.3323677110696
74.8627711651335 471.006227243627 62.3660814408309
76.7467960741081 471.006227243627 62.4014035324199
78.6308209830827 471.006227243627 62.4379366200806
80.5148458920573 471.006227243627 62.4754036324008
82.3988708010319 471.006227243627 62.5137195725409
84.2828957100065 471.006227243627 62.5528710053956
86.1669206189811 471.006227243627 62.5926891063488
88.0509455279556 471.006227243627 62.6328037045243
89.9349704369302 471.006227243627 62.6726514822914
91.8189953459048 471.006227243627 62.7116114439821
93.7030202548794 471.006227243627 62.7491289643181
95.587045163854 471.006227243627 62.7847436365984
97.4710700728286 471.006227243627 62.8181041841377
99.3550949818032 471.006227243627 62.8489697657381
101.239119890778 471.006227243627 62.8771916664821
