# Fix print output for fix writeZ
66.843 -537.894048846143 62.0685
64.6914238104021 -537.861958509875 62.0911102865177
62.5752755227166 -504.882720094845 62.1132750230551
60.6495831206506 -449.22810583509 62.1348184258525
58.8401216436163 -448.387480036398 62.1555615209208
57.2556743075991 -301.090458305045 62.1753250819749
55.9996670988227 -346.646972018175 62.1968658599262
55.092376734285 155.630106295884 62.2197050571543
56.0174202075731 239.133426985849 62.2443728951247
56.0370102109624 -404.107278691647 62.2713044797146
55.0815225031132 220.225641370099 62.300672406999
56.2948740420409 328.710269610365 62.3323677110696
57.5175939379701 266.034994994511 62.3660814408309
58.1314656050748 -106.888000805193 62.4014035324199
57.6890220391366 -67.03602956648 62.4379366200806
57.407415303813 -65.0864943849139 62.4754036324008
57.1160206048353 -60.5341277752092 62.5137195725409
56.928888197474 -52.2872674668385 62.5528710053956
56.7244032103071 -16.4821171605402 62.5926891063488
56.9649989654156 97.6803395529914 62.6328037045244
57.104688054893 -17.4554610542118 62.6726514822914
56.916626028993 -118.731871851285 62.7116114439822
56.3200912030364 -121.725553913801 62.7491289643184
56.0204514603146 -67.6672996672813 62.784743636599
55.6688320248414 -91.2101429111352 62.818104184139
55.3836182186765 -64.1369287872589 62.8489697657409
55.0515009774477 -73.509524413059 62.8771916664881
55.3329512367339 209.223897585311 62.9026738679399
56.2030064756321 183.14256878599 62.9253569693058
56.6955236086767 70.4096929909029 62.9452110215453
56.6682891144559 -108.985111762892 62.9623657546401
56.0584923855494 -161.664094287074 62.9866225659606
55.4272181245538 -160.376627925168 63.0079516689128
54.844000998735 -113.823319347458 63.0262620041542
54.5710266356257 -37.4959252350994 63.0414193051932
54.3617875241639 -82.1845223248553 63.0532445536603
53.9920989179298 -79.4824703068999 63.0615360501115
53.8506021617519 15.5990383064269 63.0661243494154
54.1114984899365 100.95292884547 63.0668989851568
54.4585767350197 51.0489817974883 63.0638649940605
54.5321886518187 4.56681355181774 63.0617576882293
54.6510782839646 63.6022836146066 63.0625132345708
55.0217038708267 109.752421888916 63.0606325021661
55.4517806262816 101.56318922753 63.056290349525
55.8601326898553 107.381472994738 63.0524159029524
56.2953995407293 103.592591501284 63.0509818380376
56.6291279227191 62.6153024652676 63.0483166167519
56.8683764974005 70.256894241746 63.0532364276239
57.242664444201 113.3846530321 63.0801662327314
57.6981853801924 104.25192206869 63.1046764035095
58.0318390211358 60.0283200432852 63.1270019360176
58.1988111049307 30.1888913887662 63.1473899688179
58.3212984926413 29.9581057039462 63.1660680129569
58.3997350131292 7.24057156106874 63.1832271001732
58.4079605185945 3.76703425806317 63.1990219358549
58.4458827367874 9.084925592638 63.2135703465281
58.4369918881917 -13.8894671338361 63.2269608721232
58.3870470285573 -0.134754668822807 63.2392580315909
58.5010893990926 58.0987962746058 63.2505076143724
58.7720041279326 57.8857463545194 63.2607407344445
58.8645369963815 -13.9163761972544 63.2699768301895
58.6848142570527 -69.3655385170577 63.2782259236562
58.3723234166835 -76.6480886322282 63.2854903486393
58.1617933542597 -21.6727611333559 63.2917661541568
58.1830569556086 21.8885596061928 63.2970454641919
58.2421306353025 0.30677501130587 63.3013193349441
58.1954036472265 -13.7887828081883 63.3045785060737
58.2145894065174 27.6934104197013 63.3068134105087
58.4055453376522 60.900935739796 63.3080135317007
58.658272533636 64.3391740661153 63.3081663631503
58.8823718482776 36.2271236632433 63.3072558667327
58.8840326909939 -35.374215476254 63.3052600925031
58.6624604265714 -65.305007857546 63.3021478872117
58.3858312779001 -71.4717577644722 63.2978743273976
58.1290467139809 -51.0311998866967 63.2923743622391
58.0076289381577 -8.23447561824782 63.2855543839113
58.0765650489568 44.293052049931 63.2772813332207
58.3691323988901 98.2070030656353 63.2673687657316
58.7857250025583 101.822346141329 63.2555590530484
59.1387623937009 70.4304832461763 63.2415004554536
59.3466488321264 31.3372489039158 63.2247415567963
59.3514409783185 -33.3544199065975 63.2048297815595
59.0872654716871 -90.7088036592691 63.1993289135713
58.6921596611361 -105.046848182293 63.2262699765417
58.2629581223262 -103.143005762122 63.249511845785
57.8922395419749 -82.7182456221178 63.2689496835908
57.6142933397161 -52.8038273944715 63.2844974102871
57.477902220892 -18.1963541746874 63.2960854780136
57.4292632345623 -11.0402381897917 63.3036692645587
57.3712157666164 -18.7764934016006 63.30724266333
57.2830895635838 -22.953589885842 63.3068558079934
57.2154218241066 -7.77471339609041 63.3026352027334
57.227566022977 13.0512145161852 63.294783396175
57.3071623994807 23.8633837384843 63.2835391814384
57.3920992168339 16.9938796323165 63.2691566268813
57.4484097597674 13.0313858879893 63.2518935496271
57.5052512334566 15.3522150292982 63.2320013208157
57.5645942699435 13.3935705882667 63.2097160210719
57.6146097311085 13.4590429878803 63.1934820338513
57.6772905729478 15.8524855299826 63.1920389734426
57.7098186708439 -3.7435722294046 63.1937393216797
57.6357193005248 -31.5663886916669 63.1932245619255
57.4702372647231 -50.8486181857819 63.1901984611508
57.235288505075 -64.3587712704262 63.1847100748283
57.017004642599 -34.0888463172461 63.1768296804837
57.0121055430395 31.3667952763296 63.1666433466293
57.2109882462543 55.8511585050541 63.154248764041
57.3979439017792 35.9764718995479 63.1397509220886
57.4759521965403 -1.66248313328276 63.1454332826182
57.3656523441796 -52.479531364389 63.1526536340855
57.0922947491641 -78.1377013907676 63.15698597342
56.7687649125956 -78.5449239192008 63.1624243784085
56.529175291834 -35.6390740465634 63.1676274900991
56.4828358218167 6.54047475391441 63.1703400470916
56.5194416164395 7.10161857136115 63.1705695220316
56.5536014898403 15.3253090944033 63.168345931337
56.6531824872941 28.7729711825371 63.1637190428532
56.7327140759743 9.74409376830896 63.1567566619995
56.7638788696167 12.0036461820446 63.1475427452249
56.8410462373889 22.2210647278646 63.1361749753886
56.8965744468373 1.61886943915863 63.130218890147
56.8565315566939 -17.0545874149914 63.1248399173696
56.8100297876156 -1.13503313365627 63.140071810481
56.8511456873178 17.3472606292526 63.1598159844301
56.8990657057496 1.24678543659119 63.1769460804585
56.8434331485202 -28.968763773886 63.1913883327986
56.6643324312141 -59.8965558538773 63.2030958993609
56.3944703350835 -69.2354465054849 63.2120509395637
56.1396559829881 -57.2436750350842 63.2182653048588
55.9266493747017 -49.9903727028877 63.2217797525054
55.7693187625328 -22.2668193788739 63.2226617027026
55.782660038577 29.6794056790898 63.2210016592067
55.9724899500609 56.4476064902572 63.2169085152303
56.173931151356 39.1012180828296 63.2105040445178
56.256865020844 1.38755615695097 63.201916920904
56.1917892481282 -32.2330955059424 63.1912766238296
56.0195511637582 -50.0135568642847 63.1891852252184
55.8290315199256 -40.3292893158567 63.2086187197247
55.7470995867931 5.76187695316558 63.2255277220068
55.877350702609 50.8917664218523 63.2398052789004
56.0453806506663 21.1804693999309 63.2513824068423
56.0257627862031 -25.0039932290831 63.2602283274653
55.9219127537626 -19.0505846152094 63.2663483944164
55.8915189361002 3.92202488220301 63.2697796390912
55.9538530714088 27.3827279435413 63.2705868518913
56.1009719890171 40.5613793844115 63.2688583213904
56.1896443026244 -7.49468902705073 63.2647005665436
56.0086335917846 -77.1648015171526 63.2582314406417
55.7227463233337 -43.1563705974908 63.2495734630468
55.7421280700728 50.7636303358466 63.2388483151018
56.0321900866557 73.7231469032632 63.2261718386657
56.2217932768931 16.1112907642777 63.2116495759904
56.1706482544306 -34.9500698588314 63.1953728731395
56.0121864644726 -38.0352784752062 63.1774157879856
55.875331682277 -30.9875159546656 63.1635133300793
55.7611243278924 -26.2559249558155 63.1547228382453
55.6835392100955 -6.77130243957941 63.1479025894902
55.7479416297679 39.9785711101924 63.1403760047369
55.9488501782883 45.2173454519239 63.1320028886161
56.0159508497871 -15.1497540895695 63.1227752461673
55.8591188981937 -53.4240919181475 63.1142751531124
55.6631880372391 -39.8169779998029 63.1049125159858
55.5578404136536 -12.8263250725049 63.0945089408354
55.5484725544627 6.02047962956462 63.0833380212705
55.5971471094718 18.6512763453225 63.0885454928864
55.7035183371168 34.2411148370572 63.0958349342682
55.8540232952387 38.2844835180103 63.1020462188104
55.9754827643585 16.2637349500052 63.1071818154521
55.9549873659161 -25.9283146847237 63.1112560457053
55.8033752615753 -43.9248075018107 63.1143015021175
55.6338306259138 -36.8800297082305 63.1313934653409
55.5438107596965 -5.59087870025614 63.1605907046716
55.5829787692103 21.6629887704739 63.1884257020571
55.6862324773392 27.4847647384248 63.2147954814994
55.7960747600382 27.1450809118165 63.2395917856049
55.9023194884512 25.7385903602902 63.2627059183935
55.9963796441271 20.4006247144598 63.2840323982977
56.0592874980152 9.93398106930199 63.3082954661261
56.0586479801906 -13.1226760579588 63.3356127441693
55.9440265541505 -42.2693291088284 63.3723947047318
55.7506061363891 -52.3472472237878 63.4084983869773
55.5519607239726 -38.7957887040957 63.4423139447414
55.5126128887302 25.0511517384855 63.4737505687384
55.7396163362981 79.0496163672849 63.5035295733886
56.0650529459225 75.986655803848 63.5365335127945
56.260017642106 12.0465613104637 63.5672023606927
56.1444422697657 -63.2598647166364 63.5954079625721
55.8489980240214 -73.6810121176913 63.6210220179965
55.6404489155588 -19.1579103218946 63.6439154194085
55.7354202335185 62.837777658663 63.6639595048889
56.0524645454363 81.5425304881006 63.6810277782258
56.297245342149 31.9863946103498 63.6949982858169
56.274767949509 -41.8938039215815 63.7057567832415
56.02307184567 -71.7955838771557 63.7132007405733
55.8027481502788 -25.577717459086 63.7172441573986
55.8709045636512 57.6728302923442 63.7287900927345
56.1905848219033 89.7983159353819 63.7390373654433
56.4895289278465 46.5345803512219 63.7465694856311
56.5092582443814 -34.8534749545005 63.7514227373652
56.2866038377499 -62.9509236128627 63.7536464417179
56.0688201284305 -41.8580588275051 63.7532966864898
56.0009949578462 12.0939184921783 63.7504286145806
56.1520723447381 56.2571125793905 63.7450916836935
56.3973074902739 62.0603644525896 63.7373357364697
56.5914903527055 27.5510701028873 63.7272222072579
56.5910967817989 -25.6763047022613 63.7148250751431
56.4345163010159 -45.8233624521346 63.7144443248984
56.2486512694201 -45.7160695449452 63.7168302086646
56.0919512638762 -26.6859022759701 63.7186275681764
56.079818142503 22.5846152598231 63.7200189330081
56.2488449319096 55.6407787214632 63.7211915185558
56.4934943876409 64.9129854172982 63.724296375559
56.7358463802069 47.6513445006442 63.7611609528864
56.8173151877635 -9.63313584670354 63.7959140722858
56.6814109607772 -50.8786742005347 63.8283681383805
56.4731414720268 -49.3645212872619 63.8583579198951
56.295055272123 -39.3795905720163 63.8857448114835
56.1640018312087 -23.9545425517172 63.9104062827418
56.1219719405058 3.34449538658255 63.9322184657361
56.175368362436 20.6704207041902 63.9510568076721
56.2750225579706 27.8120590228352 63.9668006540251
56.3848929539304 25.7854801855649 63.979338716262
56.477827559486 21.1196813234356 63.9885750928613
56.5584915187191 19.3679232720996 63.9944354927537
56.6295398934375 15.4955522647356 63.996879353747
56.6760151006467 7.97368832001289 63.9959182885928
56.7014976918091 5.05863061617624 63.9916110768297
56.704368965441 -6.32903086839066 63.9840534288494
56.6402799121 -24.0763156738462 63.973372061686
56.5308202206194 -29.3813249940677 63.9597134991112
56.4087089652269 -32.0572196746383 63.9432364001891
56.2709371825735 -36.5326758235483 63.9241066234364
56.1320043567254 -28.6293029425557 63.9024937024627
56.0792087116909 4.99213573513452 63.8951301147928
56.1723513268746 38.9554353041483 63.899835188655
56.3577814607681 50.7572414895211 63.9032553726756
56.5632195022422 49.8353147218431 63.9053840403362
56.7147473009401 18.9288663582329 63.9062238690397
56.6917467030934 -28.2855657237441 63.9057858670415
56.536648721182 -41.9597111841429 63.9040890877347
56.3862878209782 -31.9850869366826 63.9011607929396
56.2816100245085 -20.8701872134642 63.8970365204209
56.2156284461748 -12.2752923977573 63.8917600691611
56.1844214018276 -2.90025222672242 63.8853834253225
56.2008101613415 12.0153714262089 63.8779666340986
56.2775238595091 24.6989214553022 63.8695776018702
56.3837934116448 27.1547950529163 63.8602918092374
56.4853783144011 22.2842621963626 63.8501919076957
56.5533674485721 11.0214855670639 63.8393671701346
56.5688336178658 -4.07306949086503 63.8279135228411
56.5154724341791 -22.7401181277217 63.815937770327
56.3950293068706 -35.2853245978352 63.8035597200834
56.2503530306626 -35.1224115544785 63.7909102524946
56.1345364871002 -20.3137181208207 63.7781272615977
56.0980845323475 2.00299632534997 63.7653518432863
56.1440357776262 20.047306521483 63.7609634767722
56.2533012618696 33.8458346659161 63.7773226706449
56.3971189241632 32.5523567074296 63.7922430575532
56.4627039593947 -3.08942178546211 63.8055442730715
56.3852150269423 -30.2676203555985 63.8170438181048
56.2496775646107 -37.19510601431 63.8265575745354
56.1006412390445 -33.7925594701897 63.8339011095946
56.0052706349652 -13.2321919193464 63.8389074464588
55.9783895971508 -4.17586139572511 63.8414387567934
55.9403857986414 -17.6915717509217 63.8413822123602
55.8288052312404 -37.091754921772 63.8386440300992
55.6783473369524 -30.757934329707 63.8331442416236
55.6312692622857 9.54379860386407 63.8248131568152
55.7357426224852 36.5969928248878 63.8277774321705
55.8785184330004 31.8301648432019 63.8369051998561
55.9796681833565 18.4216427616317 63.8457079674965
56.0291315446441 7.4293099965085 63.8539274075591
56.0548393036633 7.61473733556902 63.8613194429867
56.0968851967655 12.8861390716832 63.867657687495
56.1502295056643 12.9444598938698 63.8727374677353
56.1967642126332 10.0889051141794 63.8763802226807
56.2295173397435 6.05751065124742 63.8784372977921
56.2431118969094 0.426042474637643 63.8787918287712
56.2305008836712 -6.81766641628523 63.8773585695875
56.1901209275939 -13.0564642247029 63.874074842596
56.1282096351111 -17.6362027204461 63.8688910872444
56.0496636952402 -21.9193132224787 63.8617659839505
55.9529941569079 -25.4684171489869 63.8526645735116
55.8623351932828 -17.2638620879916 63.8415537951593
55.8268345662551 -1.29776496006239 63.8284008910996
55.8248606593546 -3.73121244444732 63.8131733762551
55.7781888998663 -20.3731758167915 63.7958398886453
55.6618591215568 -37.3618973951234 63.776371929173
55.4902396090271 -45.2771124606991 63.7547468033329
55.3412350792761 -23.7930416728461 63.7309518851814
55.3228302079259 14.650215517415 63.704989812833
55.4395973581706 38.9979423891397 63.6768877801538
55.5843426837376 27.4875640398089 63.6467183623533
55.635915163243 -1.88718457503346 63.6146098490344
55.5882823957785 -17.2928455018467 63.5807491284304
55.5392963332788 -3.11937952658243 63.5453572242402
55.5710295144298 16.8310355551525 63.5086534855433
55.644629286321 16.1798474259267 63.4708469993512
55.6809862598264 1.14425109208687 63.4321355916271
55.6583051499489 -10.6759193505828 63.3926944600166
55.616577333557 -7.44410503071594 63.3526571339242
