# Fix print output for fix writeZ
66.843 -537.894048846143 62.0685
64.6915400711605 -537.364095505962 62.0911102865177
62.6607835853134 -400.409276574257 62.1132750230551
61.4595747495784 -200.281947198128 62.1348184258525
61.1045915454296 -54.8681243229383 62.1555615209208
61.720955495715 282.947735544093 62.1753250819749
62.9047736547805 327.478292915468 62.1968658599262
64.2883334959136 353.957092790162 62.2197050571543
65.714321487219 357.33020649105 62.2443728951247
67.1436423131832 357.33020649105 62.2713044797146
68.5729631391474 357.33020649105 62.300672406999
70.0022839651115 357.33020649105 62.3323677110696
71.4316047910757 357.33020649105 62.3660814408309
72.8609256170399 357.33020649105 62.4014035324199
74.290246443004 357.33020649105 62.4379366200806
75.7195672689682 357.33020649105 62.4754036324008
77.1488880949324 357.33020649105 62.5137195725409
78.5782089208965 357.33020649105 62.5528710053956
80.0075297468607 357.33020649105 62.5926891063488
81.4368505728249 357.33020649105 62.6328037045243
82.866171398789 357.33020649105 62.6726514822914
84.2954922247532 357.33020649105 62.7116114439821
85.7248130507174 357.33020649105 62.7491289643181
87.1541338766816 357.33020649105 62.7847436365984
88.5834547026457 357.33020649105 62.8181041841377
90.0127755286099 357.33020649105 62.8489697657381
91.4420963545741 357.33020649105 62.8771916664821
92.8714171805382 357.33020649105 62.9026738679278
94.3007380065024 357.33020649105 62.9253569692824
95.7300588324666 357.33020649105 62.945211021502
97.1593796584307 357.33020649105 62.9623657546401
98.5887004843949 357.33020649105 62.9866225659606
100.018021310359 357.33020649105 63.0079516689128
