# Fix print output for fix writeZ
66.843 -537.894048846143 62.0685
64.691458990341 -537.659488017999 62.0911102865177
62.5995774032049 -480.239573975719 62.1132750230551
60.9426022876466 -260.176459556306 62.1348184258525
60.1046610885267 -196.930495928433 62.1555615209208
59.3600859383311 -184.693684119628 62.1753250819749
58.6768630485863 -169.653339763102 62.1968658599262
57.3576135902498 -451.365578661317 62.2197050571543
55.8975953059068 -255.618455819393 62.2443728951248
55.1231263939261 -22.4071908045708 62.2713044797147
55.1280453726881 -38.7325148850019 62.3006724069993
55.6971164568808 302.171262465568 62.3323677110704
56.7713355237298 249.129062618484 62.3660814408332
57.7161440281314 263.074617639292 62.4014035324254
58.8298225569742 300.532184939674 62.4379366200929
59.2333508093906 -155.899952004791 62.4754036324264
58.5762584285116 -158.782233025719 62.5137195725913
58.6031356795539 256.908974154985 62.5528710054903
59.6816033280816 281.32997699702 62.5926891065206
60.9826404671033 293.049040129883 62.6328037048285
60.5830956853671 -314.896039522379 62.6726514828237
59.4423221744633 -276.028385505429 62.7116114449243
58.3180632589902 -239.750097311577 62.7491289660475
57.623041194464 -193.413834199746 62.7847436398988
56.7637181713381 -194.025832127673 62.8181041905539
56.0212532446069 -170.692740393844 62.8489697781149
55.5258969595763 -114.733679689293 62.8771916896832
54.9069313036267 -187.248026392953 62.902673909684
54.794579113086 116.919004244788 62.9253570410657
55.20612698329 88.2890963024708 62.9452111392703
55.6648719475017 132.75618719954 62.9623657546401
56.0994681877413 102.142563934802 62.9866225659606
56.8110853760281 220.876795470052 63.0079516689128
57.6778896288936 223.974810923985 63.0262620041542
58.5191873894068 182.4032685419 63.0414193051932
59.2040640619563 147.20217485375 63.0532445536603
59.4160479364466 -62.7814516378429 63.0615360501115
58.9836216883308 -136.364232494342 63.0661243494154
58.4351581240048 -92.0734147012809 63.0668989851568
58.4951458251459 97.0410202208884 63.0638649940605
58.9853109921452 138.511541197421 63.0617576882873
59.466646151618 66.8147166868745 63.0625132346556
59.3086112126909 -125.793893176976 63.0606325022889
58.7060411722671 -151.342068692238 63.0562903497009
58.2345910276353 -75.8923401194738 63.0524159034684
58.0709069191827 -18.4993896504715 63.0509818387781
57.9839616789596 -32.5402612698337 63.0483166178016
57.8263613354318 -37.4914111877648 63.0532364272969
57.7535991953294 5.4346290503908 63.08016623223
57.8472551806309 32.9534309610559 63.1046764027418
57.9522907747857 16.2571532712429 63.127001934845
57.9963100758172 11.0527495175351 63.1473899670344
58.0650638368783 23.951726278658 63.1660680102642
58.1868692225397 36.2917304366879 63.1832270961469
58.3395682993079 37.1344001089736 63.1990219298997
58.4750226710304 31.42888381742 63.2135703378201
58.602677093131 33.4872436027235 63.2269608595196
58.7434219805471 36.3222849263501 63.2392580135178
58.8906774447469 38.350226873001 63.2505075886859
59.0594379699376 45.6350802776435 63.2607406982576
59.2408268161548 43.3180523115251 63.2699767796601
59.3918291656159 27.4165116628998 63.2782258537312
59.3942044003355 -29.6874125752777 63.2854902527472
59.2080287411795 -51.9557583755549 63.2917660238404
59.0286226466454 -38.3220872596344 63.2970452886833
58.8809200932274 -36.717575559838 63.3013191006724
58.741539104179 -31.359475618095 63.3045781961052
58.6431058097366 -18.4823384401348 63.306813003887
58.5756587338498 -16.7796248371809 63.3080130026776
58.511503959313 -14.9417272678627 63.308165680236
58.4573759512521 -12.2801471436999 63.3072549904461
58.4100889660734 -11.2435770341197 63.3052589723625
58.3777526483649 -3.11073989415723 63.302146458852
58.4284114599275 33.9954522353714 63.2978725090481
58.6464569535244 69.7087295147241 63.2923720503915
58.9300691693719 63.4427129385097 63.2855514479793
59.0785314788498 3.12666376568607 63.277277608915
58.9307005332501 -73.0827166335025 63.2673640467738
58.5846947652637 -86.204149504559 63.2555530807072
58.3275309967905 -36.0873516190624 63.24149290519
58.2817482375421 4.43345254299514 63.2247320180264
58.2994791225061 -1.58918299049939 63.204817729492
58.2320927591891 -33.3227002962311 63.1993288956841
58.0667654401442 -39.4157145885339 63.2262699542139
58.0234338003393 28.1601868812273 63.2495118180301
58.3019319259198 102.092191431756 63.2689496486492
58.7362165008278 108.108404025399 63.2844973651707
59.1401888780865 83.9639103107979 63.2960854179696
59.3094446784936 -4.74948848282862 63.3036691824518
59.1442816840922 -64.1604833696822 63.3072425489573
58.871450004737 -69.9420561573046 63.3068556473076
58.5869937373624 -74.2036380840364 63.3026349770701
58.2702536915312 -83.5824571916452 63.2947830815561
57.9577331615613 -64.5136976853006 63.2835387479699
57.8025552654344 -10.0173745419313 63.2691560382492
57.8795864352528 45.1175249142217 63.2518927626308
58.0906262430452 47.8976223690542 63.2320002851594
58.2059641841014 10.7139912556726 63.2097146793409
58.2369963472749 14.8829688976145 63.1941767188544
58.333860863444 25.7122638260624 63.1928339646806
58.3918861614032 2.23590029078575 63.1937332569045
58.3708358820306 -13.6776229871916 63.1932169548396
58.2210720824334 -68.3424223729844 63.1901890969414
57.848280365689 -105.397664651407 63.1846987638017
57.4811999330497 -71.8366454922257 63.1768162546133
57.3146920201746 -3.69121544651666 63.1666276538075
57.4688817297816 71.0876820942007 63.154230660311
57.7014941596863 25.152873572387 63.1410443272931
57.6307506682563 -53.6565665657297 63.1514774246628
57.3830784192684 -55.0063154467862 63.1589979526733
57.2590107874931 -1.18489025820312 63.1636224619203
57.3948423748182 66.4900333659829 63.1653914193739
57.7160315934177 77.2446534110056 63.164366417296
57.8953127620713 3.61251676195588 63.1606264294032
57.7454634131499 -69.3514597722284 63.1584028442802
57.4594182423854 -57.8330302130385 63.1567385701611
57.3660663853957 14.9825922366207 63.1637559754636
57.5516304096037 68.3060379053667 63.1798558982032
57.8477021274532 77.2081129645627 63.1930581406576
58.1584176225015 75.5530718707526 63.2033599772638
58.4144179305915 47.6085062758632 63.210771840237
58.5306086251783 13.8238608235642 63.2153141937773
58.5708559386872 11.6699725038166 63.217024456702
58.6401218448757 21.5235789131241 63.2159765412768
58.7103735068413 8.46018732979812 63.2122988136603
58.6836693249916 -22.1504430330409 63.2061704568794
58.5503310116571 -40.5402139211567 63.2155335949601
58.3889322521118 -37.7427384443286 63.2243089774456
58.2598366829033 -26.3332284977114 63.230509174329
58.1756515292482 -16.621876318708 63.2341041007363
58.1225668553242 -10.102597632976 63.2351098347051
58.0930063244558 -4.90980111520281 63.2335807522568
58.0818166694715 -0.882282803630954 63.230758820041
58.0842448479055 1.9091544423452 63.2410058144403
58.0961585011706 4.02160899478252 63.2500396669382
58.1188831878457 7.81936041607734 63.2578671438445
58.1579709565177 10.6512229226269 63.2645092316153
58.1887474685919 2.68738967668717 63.2700005661803
58.1739998166589 -9.06368947883497 63.2743897366891
58.1319473474106 -9.77717915028064 63.2777398635271
58.1067906775914 -1.96067035296817 63.2801312949779
58.1259301876328 13.0247941641105 63.2816565136773
58.2177588264501 32.6027421807522 63.2824115442063
58.3741497262945 42.7288022966315 63.2824868706843
58.5214981640158 25.7200347971084 63.288733470934
58.5585892465292 -6.26668848072525 63.3542918984108
58.5032840800869 -15.3309526946437 63.416725641549
58.4800671961697 7.28673332185876 63.4757118596157
58.5664250964257 33.3664977380077 63.5311788451085
58.7136923686604 36.3447223375213 63.5832414512838
58.8346297907767 22.0300935026125 63.6320807553091
58.885255435282 4.2730421056324 63.6778523310466
58.8823043391595 -4.17264924210501 63.7205689041609
58.8587988161831 -6.85641658770787 63.7600846228266
58.8334284530009 -5.08234774845305 63.7962201916022
58.8247167366509 1.35489745812219 63.8289135501859
58.8450876643582 8.50614386180284 63.8582221908564
58.8895537231571 13.2953065074654 63.8843552048045
58.9481826289501 15.6096902434385 63.9076533932563
59.0121958351322 16.2141166783531 63.9284386128397
59.076454747484 15.6932029557211 63.9469383682254
59.135613253911 13.7287921113936 63.9632948964092
59.1842819467225 10.0697819846748 63.9775665684698
59.2064670830462 -0.415832852304088 63.9897793702808
59.1759481892519 -14.418668614245 64.0000088207558
59.1000369479913 -22.0925580388973 64.0083994524377
59.0077472826228 -23.098836079744 64.0151674585607
58.9226447489163 -18.4925683813632 64.0205971061362
58.8754061624151 -1.6042277434824 64.0250386154846
58.9304794568861 29.3834301939891 64.0288861566165
59.0903224559611 46.616060474044 64.0325152467645
59.2817951438023 47.4193513912734 64.0362420204118
59.4561910985853 37.9191837470096 64.040288174784
59.5648529892334 14.3673798568211 64.0447491827045
59.5708480924379 -9.73716490074585 64.0496161821367
59.5000124402038 -24.914203153787 64.0548433227002
59.3771807451419 -35.0940143862821 64.0603815788046
59.2317831559692 -36.3985731071632 64.0662254349321
59.0922546766325 -32.6555194623133 64.072448842901
58.9757265692064 -24.5018493120645 64.0791887421341
58.9047129957323 -9.97794167910571 64.0866160928599
58.9069538515866 12.6256180164558 64.0949485722813
59.0106573434708 37.8227926599091 64.1043900474124
59.1871225870723 48.1591122723051 64.1150400628685
59.3870949524028 50.4040897907922 64.126877352605
59.5756154488308 41.9981810075705 64.139780892721
59.6940530042696 11.7607540829102 64.153554493554
59.6404212053226 -38.1957096755373 64.1680068348409
59.4248739509648 -62.761657824274 64.1829950649807
59.1783994221308 -57.3193393771446 64.1984241362694
58.994023201823 -32.9323014579326 64.2142462344262
58.9160104662203 -5.92264877570801 64.2304478811444
58.9539056952051 26.058685710854 64.2470310411434
59.1207327973632 54.1170578008835 64.2639888307344
59.3478419218217 54.6036339842835 64.2812833891076
59.515045525062 24.9230246554828 64.298831406971
59.5400177975096 -11.4043705336469 64.3164898277106
59.4344435242777 -40.3826425630128 64.3340625117617
59.2442414594399 -46.969583682231 64.3513150896623
59.1195615107098 -11.9992682097599 64.367990117459
59.1418546203867 19.3248035031095 64.3838166888225
59.2378755423896 25.0732686747561 64.3985186421831
59.3347407057443 23.6324763614617 64.4118281065023
59.4296169701158 23.9925759252642 64.4235100857618
59.5218175493888 19.9518932794189 64.4333812364748
59.5704648973564 3.23386394949436 64.4413143173337
59.5520484210645 -10.8292005875537 64.4472310796154
59.4988472269667 -13.0761997334037 64.4510915567229
59.4775688236272 5.8565802099645 64.452892057777
59.5484774387652 26.1396648100887 64.4526594664492
59.6419146975766 15.3895368451112 64.4504372783743
59.6575369213235 -5.87305273342963 64.4462756680182
59.6207116869564 -9.58640239239265 64.4402197701211
59.5908478084111 -4.89141743167674 64.4323059334461
59.5840632916393 1.84375303969863 64.4225632664234
59.6094436321229 11.2766269808069 64.4110159343146
59.6739727714353 20.298659824799 64.3976859834933
59.7619733584795 22.0757673592621 64.3825966151773
59.8346732800606 12.1008710969027 64.3657757753292
59.8496769579272 -4.18048510640151 64.3472598945773
59.8147784653505 -10.9653418276711 64.3270994951921
59.7754578718419 -7.87622165308353 64.3053673867572
59.7585719350382 0.342907202434625 64.2821628549602
59.781167369601 10.5956954629765 64.2576156700213
59.8350595440989 14.9613679718818 64.2318864428583
59.8898559419513 10.3391663000383 64.2051654624358
59.8996174962938 -6.74386406162723 64.1776704957442
59.8395779962859 -21.2711811663164 64.1496433357949
59.7476619508652 -23.1152922950678 64.1213468110309
59.665354033481 -16.5991990755924 64.0930617921814
59.621949636801 -4.97396845573316 64.0695746082271
59.6216768069479 4.06179935591738 64.0905147739103
59.6503324864738 9.92297882662076 64.1120664247116
59.6981642209149 13.62393898635 64.1337424873283
59.7567247331866 15.4516830619978 64.155030951393
59.8226740033951 17.8467845523243 64.1754136994999
59.89961136057 19.5077322685796 64.1943857592388
59.9515645819187 1.54652782747334 64.211483162095
59.8862471280635 -34.2942505767219 64.2263475166109
59.7036630021666 -51.7134204743778 64.2387608805793
59.4997149744855 -48.6590638837863 64.248617911387
59.3260755473665 -36.2500733620183 64.255894119515
59.235551660281 -6.19843944092564 64.2606265832074
59.2803765046928 26.6946775436398 64.2628853748926
59.4237559710619 42.1500852576409 64.2627511382275
59.6034513568125 46.0955365773124 64.2603045677206
59.756543959316 22.6461522340078 64.2556278896701
59.7409063073072 -31.1980132543091 64.2488073188279
59.5423296643792 -60.1212729471264 64.2399353436092
59.30975975851 -50.9990635829189 64.2291151952916
59.1948669031745 -0.736050841564601 64.2164669439887
59.3045872641602 49.9904956734082 64.2021389467137
59.531579473444 56.6581987048477 64.1863137271198
59.6893177469053 13.952628259767 64.1692126520601
59.6206183386698 -44.8754530508496 64.1511137286043
59.3936334384469 -60.2648081254098 64.1323514508078
59.1830440425853 -38.1818734828779 64.1132762381362
59.1262605670281 10.2096868441428 64.098381658797
59.2343145473731 37.9353186054921 64.1252645352444
59.4041414121487 46.1170770186705 64.1511797634236
59.5929691476202 45.1563984517139 64.1758013237184
59.7145524468248 9.2425801395208 64.1988418805985
59.647675547679 -40.5622655708316 64.2200460396842
59.4337706552615 -60.0520759387256 64.2391867771627
59.1948112641909 -56.6670851715433 64.2560690509759
59.0312324190788 -17.6464878749534 64.27049912637
59.0779341522396 38.3894289596307 64.2822473685516
59.2836281853772 57.1313510253737 64.2910433283583
59.4948131866466 40.5320676388563 64.2965796590092
59.5478118999241 -17.1106243442858 64.2985257072923
59.3818705379922 -57.8186229398632 64.2965553362977
59.1444556986739 -57.3300380682633 64.2904457096509
58.9699313415899 -21.9383948177994 64.2801336735672
59.0033807792323 37.4932396261785 64.2656928839935
59.2202319113986 62.5647759599714 64.2472979504652
59.4644199219642 53.9675332443855 64.2251865907656
59.5936215226522 6.07858009586221 64.199625438962
59.5205667508397 -36.8643871410576 64.1708816163066
59.3524557923015 -42.903407180269 64.1391996548704
59.1890310196009 -38.1292722708878 64.1047834560402
59.0599393819258 -22.6049233654763 64.067784016707
59.0364786578413 11.7281291870003 64.028296609425
59.1310695316593 30.3242485566374 63.9937228537892
59.2454150989117 23.3555810687529 63.9722013229419
59.2863036258548 -5.5214885975909 63.9728532308235
59.2050532143155 -31.4627579859256 63.9727454392304
59.0786734684972 -25.2416914500626 63.9718288858984
59.0434506226475 9.64540761764879 63.9700959571836
59.1398827269144 33.8003154868406 63.9675712637592
59.2879419526581 39.2247553272134 63.9643035909235
59.4246864215205 21.9393109971656 63.9603603953772
59.4107793054174 -31.5667149579984 63.9558255106372
59.198861605374 -66.0015670529094 63.9508071062632
58.9691246196216 -37.6480670985404 63.9454437728165
58.9531214656309 30.3154012695576 63.9399090740425
59.1615950641821 61.3385656109184 63.9344043453401
59.3369495579866 17.5405445774501 63.9291286118041
59.2823498416087 -40.6954557986349 63.9242652445229
59.0736737272579 -55.7884998043672 63.9199775954427
58.8905420173551 -27.8210660424083 63.9164059525014
58.8956303677809 30.6543986396198 63.9136633323867
