# Fix print output for fix writeZ
66.843 -537.894048846143 62.0685
64.6914281684404 -537.834832839818 62.0911102865177
62.5753500604283 -505.819480718977 62.1132750230551
60.6876363771186 -415.81616867743 62.1348184258525
59.0066946608715 -421.709858768634 62.1555615209208
58.0502705777713 205.930524869259 62.1753250819749
59.0735596942174 257.571886528024 62.1968658599262
59.2323550887804 -274.924947241711 62.2197050571543
57.9603839755896 -357.521428810511 62.2443728951247
56.5432284145898 -383.09225044506 62.2713044797146
55.017747537905 -380.453635023387 62.300672406999
53.7553995374154 -280.945525650878 62.3323677110696
52.790357588688 -217.430021219781 62.3660814408309
51.9497565747314 -176.360268878758 62.4014035324199
51.1601853752732 -171.031881499626 62.4379366200806
50.8508373960224 -53.9653816978303 62.4754036324008
50.5444004182932 -72.2874578081882 62.5137195725409
50.3826887456811 -93.5644384393263 62.5528710053956
49.8025841053266 -133.965595984309 62.5926891063489
49.3498141002758 -120.248690342459 62.6328037045247
48.9628732289454 -76.5157980779817 62.6726514822922
48.6753922712805 -11.0882251650284 62.7116114439838
49.3001258239704 229.678659738986 62.7491289643218
50.2282288534544 253.808875992262 62.7847436366064
51.204947755293 222.221716554915 62.8181041841549
51.1530725674987 -299.016148559247 62.848969765774
50.2050941466369 11.6099687434896 62.8771916665542
50.8026791943135 170.330034080043 62.9026738680663
51.4967065911312 186.121755986818 62.9253569695363
52.3044168493417 221.062035231399 62.9452110219462
53.0431943389408 59.7051054654134 62.9623657546401
52.5380321201929 -212.498946219113 62.9866225659606
51.6874473276441 -209.949618943792 63.0079516689128
50.8691664577816 -200.867377169909 63.0262620041542
50.0082123834704 -224.566575520014 63.0414193051932
49.2787648962234 -125.657091716057 63.0532445536603
48.9417204811792 -48.5686499503227 63.0615360501115
48.7949898536381 -47.190334745929 63.0661243494154
48.5575582352299 -45.6565793727896 63.0668989851568
48.5650581480815 39.4482773873163 63.0638649940605
48.7428234001283 40.0435782167832 63.0617576882293
48.9361318389214 69.2372519491978 63.0625132345709
49.3119754912422 100.715661580984 63.0606325021663
49.5212128236977 -16.7173801683388 63.0562903495252
49.2277670536095 -108.514977057171 63.0524159033865
48.7885986084806 -107.823813603273 63.0509818386232
48.3734840074647 -96.2390609328286 63.0483166175464
48.0954307642838 -33.7363585648202 63.0532364273031
48.1123932857347 34.7537887990625 63.0801662322409
48.3153601521596 66.3993046007083 63.1046764027609
48.6837371028311 120.350519522593 63.1270019348784
49.2361292310632 144.069304380692 63.1473899670925
49.7570176278106 104.074569065404 63.1660680103635
50.0289661324168 32.2107686608203 63.1832270963136
50.0188664834775 -37.3278743389101 63.1990219301739
49.7342192177473 -99.1774033689197 63.2135703382618
49.3243234881421 -95.217688889505 63.2269608602175
48.9802731243526 -81.3457153835792 63.2392580146012
48.6510167377406 -80.8230964898972 63.2505075903412
48.3816136032755 -51.4951736348517 63.2607407007497
48.196571602401 -52.5531268757475 63.2699767833613
47.9256843828158 -72.640621690139 63.2782258591591
47.7415527293329 -8.14591000276486 63.2854902606132
47.8497294259918 51.4103147942431 63.2917660351127
48.1064335061695 78.6213399715983 63.2970453046648
48.4717122827209 98.1642284811776 63.301319123098
48.8430941006549 85.8846694017591 63.30457822726
49.1696200446627 78.7649254886952 63.306813046749
49.4465070839581 47.5979523319338 63.3080130610868
49.4647076794544 -40.6295064004246 63.3081657591025
49.2036560495496 -71.2495094426787 63.307255096202
48.9950229996498 -33.4499453862163 63.305259113594
48.8853619142845 -29.8188844108991 63.3021466469831
48.6993407966538 -67.9083805029109 63.2978727592257
48.3457414215033 -101.786248080746 63.2923723826376
47.959526916045 -88.3915984646987 63.2855518886905
47.6224271287602 -82.9157417524727 63.2772781928137
47.2835425642272 -85.6685652687608 63.2673648194426
46.9714132793092 -63.6751264251811 63.2555541018861
46.8144108822208 -13.0058437957435 63.2414942530766
46.8565819983489 30.7212036031925 63.2247337961364
47.0285563702084 51.2976283712749 63.2048200773911
47.2328888461996 46.129403740369 63.199328894278
47.3722522267453 22.2079869899721 63.2262699524159
47.4037453426439 -7.75816848316748 63.2495118157407
47.290821037432 -51.3434399987452 63.2689496457342
46.9963515852867 -91.1530164095366 63.2844973614468
46.6234815919394 -89.4367576821254 63.2960854131871
46.2968867549589 -72.8358419330658 63.3036691762726
46.0913854420676 -20.930971757626 63.3072425409298
46.1634199373566 53.7592528532387 63.3068556368295
46.4304092616068 63.9291397454297 63.3026349633533
46.6114217270216 28.1156512448819 63.2947830636032
46.6853343552522 7.6684464241392 63.2835387245569
46.6277230472532 -42.0317410985743 63.2691560079003
46.3576465535283 -83.7454259385312 63.2518927235623
46.0527738574693 -61.9737623903354 63.2320002352247
45.9105574712869 -2.56594060339274 63.209714615967
46.0504461200203 67.009685523599 63.1934793105156
46.3105119157085 42.2976810055661 63.192035367906
46.3062162571097 -41.7142314652534 63.1937321162873
46.0726083520546 -60.3399962255926 63.1932154918644
45.8931640261828 -23.3011775096579 63.1901872397521
45.8989251324403 22.0480866070185 63.1846964308553
46.0164380775191 30.7507394088972 63.1768133538541
46.11666783334 16.106281662565 63.1666240817891
46.1285437578279 -10.232444332076 63.1542263012778
46.0520224103364 -23.4073891244731 63.1397249877821
45.9907089602283 -1.81320905237875 63.1454413259733
46.0431376513499 22.9039934948034 63.1526577922928
46.10898637537 2.52456353354983 63.1586581242063
46.0463330069742 -30.0655791013158 63.1673598352396
45.9221493851494 -25.7443297605955 63.1736355372501
45.8441078371719 -17.5561485293141 63.1774610869746
45.7558377619532 -25.8338994529995 63.1858227888684
45.6843266621163 -2.69248331794676 63.1927119493801
45.7497784347502 31.484091619622 63.1976523571643
45.8888441016578 33.2647853935999 63.2006229574114
46.0074722623699 25.618162247794 63.2016139089389
46.0884016626539 13.360433606718 63.2006326588542
46.0805520371038 -20.0375667687684 63.1977053120357
45.9638718503318 -28.2149404324337 63.1928777912149
45.9221381965314 10.2116602820286 63.1862154621959
46.0129007419542 26.1731116594989 63.1778020027598
46.0770731953235 5.30793297279999 63.1865571337807
46.0725909142979 -6.17873559840946 63.2017697088254
46.0268416443954 -17.6242666938331 63.2142767877462
45.9241551653663 -34.0043216911825 63.2240582302189
45.7640489316267 -41.8840243716884 63.2311230948017
45.6438385930355 -13.1270939715193 63.2355088473959
45.6650373122941 20.848775689402 63.237279127742
45.7754444422189 29.8673518874582 63.2365202000637
45.8840478403104 23.5950971820349 63.2333363215388
45.9519037663041 9.13117920122153 63.2278443416078
45.958291518326 -4.49902463629153 63.2201678889945
45.9286765606846 -10.2450435868902 63.2104315158025
45.8712661312735 -17.5531495932914 63.1987552244133
45.8143994189437 -6.31733080863207 63.1852550633089
45.8396739494235 16.9269288450905 63.1700559980715
45.9101645250652 14.7765761216464 63.1614656172193
45.9546440077335 8.61415881804544 63.1601588861925
45.997332359923 16.4825082293248 63.1633854905445
46.1002797208228 31.1468919825033 63.1660755630413
46.1913149854215 8.60912883548378 63.1683006486622
46.1592768371767 -21.4015752206167 63.1701217235675
46.0683212166517 -16.9970338911743 63.1715838676273
46.063584672147 16.3458445439321 63.1768390559104
46.1789152833736 34.8563674768995 63.1835439089819
46.2853791940403 13.491255162041 63.1881341245994
46.2819860655639 -12.1670780056115 63.1905855303879
46.2238373071005 -12.5289593569589 63.1908937223455
46.203144533802 2.86770728728356 63.1890761089462
46.2400975314954 14.1240250255167 63.1851722173132
46.3112123842618 21.5666842831435 63.1792426546184
46.4124772813284 28.5279597777439 63.1713689529188
46.5377825421054 35.1884811597173 63.1622439275774
46.7005948776673 45.2784873815819 63.1576060417392
46.8780404434348 39.6150557748801 63.1520660304589
46.9776221230545 5.23995328714162 63.1456038950725
46.9017073774608 -41.8752765075959 63.1382189983686
46.6819621792121 -60.8346503427411 63.1299322502726
46.4570363680694 -50.1643531716247 63.123766855533
46.282702858892 -37.6024119975656 63.1228703713338
46.151539077115 -28.1374612389944 63.1221174261704
46.0564224629606 -19.8740940359869 63.1214917333005
45.986122909323 -16.5197569665616 63.1209442227651
45.913537245862 -20.6478588122057 63.1203994118546
45.8251448015766 -21.806566374971 63.1359021228972
45.7497513518744 -15.5592036740733 63.1510126906702
45.7060071811386 -4.9511324308422 63.1649918101494
45.7147065905787 8.30757080808945 63.1777831224016
45.7600967182847 13.4243171318068 63.1893429510803
45.8207911152178 16.655955520333 63.1996444922688
45.8874279428662 15.9126915466064 63.2086822857457
45.9466078492767 13.8675189790469 63.2164766986797
45.9970504152103 10.6290102506361 63.2230720105231
46.0262418407233 3.63974511092529 63.2333492358797
46.0260189894452 -3.61373671232276 63.2705371307254
45.9965784914418 -11.5029447451194 63.3151321254993
45.931258755494 -21.1734415294395 63.3582273347856
45.8340273000628 -24.8870435535039 63.399675424841
45.7607947529873 -9.07042039881979 63.4393344906878
45.7632804251968 8.25985676999782 63.4770613412923
45.804402493294 10.0027951551678 63.5127109399858
45.8371815713125 5.83631254039558 63.5461397992637
45.8408015395967 -5.42075159219168 63.577209330856
45.7904511044683 -18.8638816626078 63.6057861143631
45.7070937338851 -19.6486150854944 63.6317361773341
45.6645133730457 1.69494213043156 63.6549240840202
45.7231493899795 25.6670956982199 63.6752147759149
45.8501019543798 35.1223372960463 63.6924758590818
45.9718291875559 21.0555863097705 63.7065804325783
45.9980046714788 -8.39102921115342 63.7174105352705
45.9163417502535 -29.0333414647426 63.72486121178
45.7965031924751 -28.162035195746 63.7288451097283
45.7140058162229 -9.64081706015675 63.7328209047597
45.7339692600403 18.5600847600706 63.7404243371233
45.843614398345 34.386404718879 63.7454474388791
45.9847469093419 30.8112923524278 63.7479383543845
46.0514342564343 0.414070900823317 63.7479568025185
45.9966481130892 -23.9380319699982 63.7455688846454
45.9019315077088 -19.063837715378 63.7408415636906
45.8589090656651 -1.85658752182534 63.7338377253229
45.8879563764491 15.7601427072971 63.7246224007542
45.9667491493775 20.2958811486024 63.7132763761986
46.0361134919656 14.3297523758259 63.7213701897129
46.0864403922609 11.5533677790611 63.7314880671364
46.1292553883561 9.53452040993696 63.741158569435
46.1613949462479 6.46466998602581 63.7504658893456
46.1790407084486 1.64772083812133 63.7594650839457
46.1684403550789 -7.36007291699636 63.7682002009572
46.1267134547543 -10.7888054042646 63.7767062527637
46.1101655544925 4.93662727187842 63.7850054106388
46.1610926310599 17.0181633251816 63.7931039113981
46.2133250861438 6.10259237159838 63.8009916284656
46.2048934835104 -8.90673213208164 63.8086463302177
46.1575998075544 -13.5023928213143 63.816036047055
46.1001444750531 -14.6558791942784 63.8231207785107
46.0542376707152 -6.09311273968045 63.829855066817
46.0592235657772 8.19615120369025 63.8361912332955
46.107170630625 13.6105381446156 63.8420802315436
46.1586937078642 11.0555977786248 63.8474723339929
46.1805359185055 -1.68101117259983 63.8523224566445
46.1465463795991 -13.4841993010971 63.8565960627888
46.0923319271293 -11.435277330388 63.860248523576
46.0598707721246 -6.01990584187787 63.8631701525606
46.0335954699231 -6.77415862221822 63.8651807645805
46.0195143283175 1.54533079697495 63.8660401088411
46.0494301535374 12.6617346429089 63.8654455311116
46.1116074497696 17.0464995510911 63.8630189140081
46.1769554572277 15.0654649773424 63.8583194703475
46.2290684234645 10.5552744305924 63.8509468865422
46.2563810917235 2.46081952952745 63.840603313988
46.2460410554752 -7.79464628069023 63.8271128246148
46.1933689587323 -18.4660806232197 63.8104415866599
46.101293805517 -26.9737625809879 63.8002575164597
45.9816335869831 -32.5308804321582 63.7997578186742
45.8433204833889 -36.1958381764854 63.7974972020448
45.6956759091448 -37.1640350576714 63.793266344978
45.5496825658988 -35.4994560537584 63.786898157674
45.4132841515814 -32.4688527852795 63.7782673723446
45.2927481417115 -27.1856784176104 63.7672922457304
45.2028543423361 -16.7142817407455 63.753936613701
45.1666454262779 -0.960744485196257 63.7382120359997
45.1928468442824 13.1837887280964 63.720179955624
45.2635436896306 21.2696479161353 63.6999583883522
45.3587882012693 26.0019586784879 63.7276667783235
45.4690203074466 28.8005148410735 63.7566262058339
45.5858395387439 29.0193458147805 63.7843573722234
45.6947914342918 24.7404242837571 63.8105599197498
45.7826523463333 19.6556679372298 63.834923183371
45.854175172613 15.7359418879179 63.8571360326427
45.904971631232 9.68525876589248 63.8769389811414
45.9372895925767 7.96065689099066 63.8941761822954
45.9843633390747 17.1937336876834 63.9087873204522
46.0757030192564 25.9862996105788 63.9207908889857
46.1572959532331 10.5756736638937 63.9302653200926
46.1475333480252 -13.9628960234998 63.9373300851827
46.07170091073 -20.993903919059 63.942131446794
45.985193571484 -22.6118952772403 63.9448335011558
45.8891292618971 -25.4659065960591 63.945612217316
45.7817118914096 -27.8744825770941 63.9446522379248
45.6747228176387 -24.0676803365973 63.9421460623595
45.5972020998145 -14.4560449006094 63.9382935542275
45.562383649776 -1.79280727740791 63.9332915136343
45.593448890928 17.8675777642933 63.9273259046878
45.6960992721053 31.0284240085698 63.9205715571687
45.8278717827817 34.4468460626136 63.9131913719438
45.9712646976108 37.0074733425754 63.9053347015806
46.1185825523327 35.4482542282226 63.8971351200664
46.226541194423 13.105142584387 63.8887077616535
46.1954163526526 -28.2153417141138 63.8801470833575
46.0433636907276 -39.4624500789395 63.8715301397107
45.9238681818733 -19.0075851321962 63.8629215247715
45.8830942455143 -3.6338365255618 63.8543732141387
45.8794953750951 0.877072030879511 63.8459219591122
45.8926767602298 7.56305548366936 63.8375855256752
45.9574894926847 26.1450596243736 63.8293578361302
46.0960840762416 40.4072402002691 63.8212023937455
46.2430686857566 27.0842725560641 63.8130427203781
46.2770476920103 -11.7342736982962 63.8047617057418
46.1642724676376 -40.1480930452024 63.7962075825689
45.9926011923196 -42.6576345387611 63.7871947967286
45.8408350150067 -31.6634078213651 63.7775050372792
45.7447627296603 -15.7057802927876 63.7668911087421
45.7253264909294 6.78035670141877 63.7550837793593
45.7941353928682 25.6616651914425 63.7418056396782
45.9095159121014 29.7048158199598 63.7267942609918
46.0250299071767 27.7900393399863 63.7098110748405
46.1216269271265 16.2542280421982 63.6906437137387
46.1223112732053 -16.647217137903 63.6691085853401
46.0177106233223 -28.9573979194852 63.645054204781
45.9391053529668 -7.30768303225959 63.6183657745977
45.9461704908032 6.16059788003596 63.5889706862067
45.9641918210281 2.12862296248712 63.5568412504725
45.9623634085374 -2.83517406708245 63.5220024540511
45.9441259919625 -6.08203599942617 63.4845467105862
45.9134550552278 -9.36310754970274 63.4446367613365
45.8691253489013 -12.7286550516739 63.4024863664957
45.8203109282174 -8.21672672750293 63.3583450266836
45.8381215328012 20.369382462221 63.3124585123116
