# Fix print output for fix writeZ
66.843 -537.894048846143 62.0685
64.6914238062587 -537.870665536678 62.0911102865177
62.5729711345599 -507.004256095494 62.1132750230551
60.6759767663 -425.920778003241 62.1348184258525
58.9549341743194 -431.228982618544 62.1555615209208
57.8474648063829 99.6541362598287 62.1753250819749
58.4287627094171 202.383642916268 62.1968658599262
59.4612094734777 195.058569016099 62.2197050571543
59.9894965745868 -13.9197533578507 62.2443728951247
59.018655867679 -289.802007625368 62.2713044797146
58.2639886377372 167.644789801477 62.300672406999
59.578911627793 324.989119502137 62.3323677110696
60.7810921206584 292.406533588443 62.3660814408309
62.1519000687962 391.701914001151 62.4014035324199
63.7810089743397 415.862175283684 62.4379366200806
65.4524879619353 418.372997789673 62.4754036324008
67.1259799530941 418.372997789673 62.5137195725409
68.7994719442528 418.372997789673 62.5528710053956
70.4729639354116 418.372997789673 62.5926891063488
72.1464559265704 418.372997789673 62.6328037045243
73.8199479177291 418.372997789673 62.6726514822914
75.4934399088879 418.372997789673 62.7116114439822
77.1669319000466 418.372997789673 62.7491289643182
78.8404238912054 418.372997789673 62.7847436365985
80.5139158823641 418.372997789673 62.8181041841379
82.1874078735229 418.372997789673 62.8489697657385
83.8608998646816 418.372997789673 62.8771916664829
85.5343918558404 418.372997789673 62.9026738679292
87.2078838469992 418.372997789673 62.925356969285
88.8813758381579 418.372997789673 62.9452110215066
90.5548678293167 418.372997789673 62.9623657546401
92.2283598204754 418.372997789673 62.9866225659606
93.9018518116342 418.372997789673 63.0079516689128
95.5753438027929 418.372997789673 63.0262620041542
97.2488357939517 418.372997789673 63.0414193051932
98.9223277851104 418.372997789673 63.0532445536603
100.595819776269 418.372997789673 63.0615360501115
