# Fix print output for fix writeZ
66.843 -537.894048846143 62.0685
64.69155894372 -537.308283674282 62.0911102865177
62.676804370355 -378.59067989241 62.1132750230551
61.5606322221142 -253.755247239487 62.1348184258525
60.463927669656 -283.148893884253 62.1555615209208
59.0049136569747 -415.623342091375 62.1753250819749
57.3650350096846 -360.384652298374 62.1968658599262
56.4012954554294 92.4501529956674 62.2197050571543
56.7714468639332 -41.2098927020842 62.2443728951247
56.9604460638097 187.580720257974 62.2713044797146
57.8162912737353 287.340402221267 62.300672406999
58.9716620805518 258.138076569037 62.3323677110696
59.7347499188093 -16.0466239554558 62.3660814408309
59.3567528094921 -108.319480842712 62.4014035324199
58.7206991079026 -189.565872881076 62.4379366200806
57.9140614820745 -300.282577847166 62.4754036324008
56.6626085503549 -180.005807759976 62.5137195725409
57.2139668619604 242.200928298705 62.5528710053956
58.1979558696137 210.329945537294 62.5926891063488
58.3842606281086 -17.9093043107001 62.6328037045243
58.6928657595037 191.451967677338 62.6726514822914
59.4891025073259 196.205213613591 62.7116114439821
60.2143386189511 123.600332879366 62.7491289643181
60.6043597136051 70.2098059089363 62.7847436365984
60.6462438457784 -39.1614874289598 62.8181041841377
60.4922722419881 -22.9864751807094 62.8489697657381
60.3882511293945 -28.560016745121 62.8771916664821
60.3542689348661 8.99042033216065 62.9026738679278
60.0394778988848 -200.745936374166 62.9253569692824
59.5997790459547 119.71605711723 62.945211021502
60.3177469331625 123.110646391904 62.9623657546401
60.4944898482289 6.05045157027514 62.9866225659606
60.372379802886 -66.0211971266567 63.0079516689128
60.0589164020112 -88.3291070028402 63.0262620041542
59.6438092013966 -89.4632731926364 63.0414193051932
59.7258420684126 105.44571891006 63.0532445536603
60.0570020771449 13.2215528181752 63.0615360501115
59.8694988777018 -61.0063028052678 63.0661243494154
59.8084179215086 30.9922236598446 63.0668989851568
59.9701167761114 35.7409133076657 63.0638649940605
60.1538782116323 72.0605922734304 63.0617576882293
60.505656667746 71.3338405580547 63.0625132345708
60.4305924658612 -96.3955928608773 63.0606325021661
60.093811708993 -33.0546552516248 63.0562903495249
60.2065739911568 67.5778860420659 63.0524159043814
60.4959952924623 69.4127640188635 63.050981840278
60.6913232161201 18.2862581484499 63.0483166201731
60.6429118009578 -34.3307695589818 63.0532364272969
60.4547649984551 -59.8375044668317 63.08016623223
60.1996116139427 -54.6059861510623 63.1046764027417
60.0739005575715 -12.3217128109192 63.1270019348449
60.0310254143025 -15.183187435183 63.1473899670343
59.9688126686406 -7.45590816314066 63.1660680102639
60.0256242171135 34.8153294685393 63.1832270961464
60.2007012376803 48.6266874866192 63.1990219298991
60.4083654588933 56.4166866982957 63.2135703378191
60.6627588419862 69.9543865670735 63.226960859518
60.9599499175778 79.810972968819 63.2392580135153
61.2949398682644 79.7146359030242 63.2505075886822
61.4984190833407 14.1549487167253 63.2607406982521
61.4162584829936 -45.1364947848414 63.2699767796519
61.252797326525 -27.1511881539651 63.2782258537191
61.2088062936677 1.35173968750532 63.2854902527296
61.2241191045144 4.27362583757962 63.2917660238151
61.265414499097 21.2712198734842 63.2970452886471
61.411947417328 48.9703731656451 63.3013191006211
61.5704929104748 17.1122828963425 63.3045781960332
61.5004903942476 -50.3481143345961 63.3068130037868
61.2286241605483 -76.0582232233915 63.3080130025393
60.9283426210648 -72.0590145206944 63.3081656800467
60.6611413133669 -59.912471098276 63.3072549901887
60.4687730883982 -34.5343560355641 63.3052589720141
60.3974043326901 1.40741611629145 63.3021464583818
60.48234898915 37.8459576304504 63.3113782071383
60.674162973554 57.9932501744196 63.3200340882388
60.9575319056428 84.897725879828 63.3237139304734
61.3432794785446 103.893564661218 63.3225736945638
61.7431626659307 82.9677358001748 63.3175788157953
61.9032282822486 -7.81499178401958 63.3136506599499
61.720381622587 -71.0603347610784 63.3130711293068
61.4196523805741 -77.0611440359605 63.3110694227825
61.1160891019058 -69.7695717575594 63.3051829324026
60.9029599403636 -34.8078254778345 63.2954395616542
60.8214124588348 -9.14050550050739 63.2821051036717
60.8247615341431 11.6148656274919 63.2655898639225
60.9186780467069 36.7100989425103 63.2689498122965
61.1276876632561 67.9065003188781 63.2844975615598
61.4436427887226 85.9106928922097 63.2960856540878
61.7852548291417 79.6124850341036 63.3036694671067
62.0577330438034 58.0353493604498 63.3072428931902
62.2807634721389 58.0688823934805 63.306856065045
62.542724633612 72.469200063301 63.3026354856496
62.8400294287881 74.7622976758482 63.2947837018329
63.1516509063879 82.6744711802034 63.2835395043014
63.5040999121407 93.3442406207437 63.2691569587156
63.8960530447286 102.469366987968 63.2518938799564
64.3151804383529 105.776400618056 63.2320016374618
64.7383224839585 105.786216357419 63.2097163109249
65.1614673493883 105.786216357419 63.2011609673779
65.5846122148181 105.786216357419 63.2002281275372
66.0077570802479 105.786216357419 63.1966077411015
66.4309019456776 105.786216357419 63.1932413707101
66.8540468111074 105.786216357419 63.1902187499203
67.2771916765372 105.786216357419 63.1847345403606
67.700336541967 105.786216357419 63.1768591239078
68.1234814073968 105.786216357419 63.1666786721959
68.5466262728265 105.786216357419 63.1542909779519
68.9697711382563 105.786216357419 63.1398011261295
69.3929160036861 105.786216357419 63.1285843781161
69.8160608691159 105.786216357419 63.1345139383529
70.2392057345456 105.786216357419 63.1408255149635
70.6623505999754 105.786216357419 63.1487918917197
71.0854954654052 105.786216357419 63.1543507642513
71.508640330835 105.786216357419 63.1574828933237
71.9317851962647 105.786216357419 63.1581931648793
72.3549300616945 105.786216357419 63.1565093490343
72.7780749271243 105.786216357419 63.1528519040582
73.2012197925541 105.786216357419 63.1557583365905
73.6243646579838 105.786216357419 63.1567696227619
74.0475095234136 105.786216357419 63.1558959314826
74.4706543888434 105.786216357419 63.1531678803493
74.8937992542732 105.786216357419 63.1486381384356
75.316944119703 105.786216357419 63.1423830618925
75.7400889851327 105.786216357419 63.1553729912961
76.1632338505625 105.786216357419 63.1729418982705
76.5863787159923 105.786216357419 63.1878663189258
77.0095235814221 105.786216357419 63.2000947449717
77.4326684468518 105.786216357419 63.2096040958268
77.8558133122816 105.786216357419 63.2164006175923
78.2789581777114 105.786216357419 63.2205193520893
78.7021030431412 105.786216357419 63.222022163785
79.1252479085709 105.786216357419 63.2209944241709
79.5483927740007 105.786216357419 63.2282184626894
79.9715376394305 105.786216357419 63.2387508939724
80.3946825048603 105.786216357419 63.248103481191
80.81782737029 105.786216357419 63.2562843441227
81.2409722357198 105.786216357419 63.2633162228487
81.6641171011496 105.786216357419 63.2692364399768
82.0872619665794 105.786216357419 63.2740966858167
82.5104068320092 105.786216357419 63.2779635466135
82.9335516974389 105.786216357419 63.2809194865347
83.3566965628687 105.786216357419 63.2830562337756
83.7798414282985 105.786216357419 63.2844659649035
84.2029862937283 105.786216357419 63.2852322833079
84.626131159158 105.786216357419 63.2854218248632
85.0492760245878 105.786216357419 63.2850773157909
85.4724208900176 105.786216357419 63.2842127904201
85.8955657554474 105.786216357419 63.282811474644
86.3187106208771 105.786216357419 63.2808265675276
86.7418554863069 105.786216357419 63.2781848375625
87.1650003517367 105.786216357419 63.2747926390306
87.5881452171665 105.786216357419 63.2705437016606
88.0112900825962 105.786216357419 63.2653278973564
88.434434948026 105.786216357419 63.2590401172267
88.8575798134558 105.786216357419 63.2515880442363
89.2807246788856 105.786216357419 63.2428947043279
89.7038695443154 105.786216357419 63.2328960136199
90.1270144097451 105.786216357419 63.2215430445395
90.5501592751749 105.786216357419 63.2088072962879
90.9733041406047 105.786216357419 63.1946866962143
91.3964490060345 105.786216357419 63.1792077369235
91.8195938714642 105.786216357419 63.1624262843599
92.242738736894 105.786216357419 63.1444275905467
92.6658836023238 105.786216357419 63.1253254581517
93.0890284677536 105.786216357419 63.1486955447864
93.5121733331833 105.786216357419 63.1807030242711
93.9353181986131 105.786216357419 63.2115325721641
94.3584630640429 105.786216357419 63.2412438555504
94.7816079294727 105.786216357419 63.2699034761164
95.2047527949024 105.786216357419 63.297567846191
95.6278976603322 105.786216357419 63.3242609366543
96.051042525762 105.786216357419 63.3499659382963
96.4741873911918 105.786216357419 63.3746310926921
96.8973322566216 105.786216357419 63.3981740634222
97.3204771220513 105.786216357419 63.4204814514562
97.7436219874811 105.786216357419 63.4414126587398
98.1667668529109 105.786216357419 63.460806073165
98.5899117183407 105.786216357419 63.4784838840595
99.0130565837704 105.786216357419 63.4942605951509
99.4362014492002 105.786216357419 63.5079578091647
99.85934631463 105.786216357419 63.5194217239491
100.28249118006 105.786216357419 63.5342465856354
