# Fix print output for fix writeZ
66.843 -537.894048846143 62.0685
64.6914554041941 -537.677574269532 62.0911102865177
62.59804027159 -483.24369968448 62.1132750230551
60.7580863223296 -441.56409554214 62.1348184258525
59.1404615782912 -282.055142435587 62.1555615209208
58.1202957374894 -242.510742634619 62.1753250819749
57.0706104405262 -283.19272970792 62.1968658599262
55.4392301045481 -458.364452751473 62.2197050571543
54.0170863863986 -287.237936288316 62.2443728951247
52.7397954684635 -372.297316213095 62.2713044797146
51.6967542203453 -64.7211176192404 62.300672406999
50.9470348668381 -321.234156529871 62.3323677110696
50.0367557043653 -202.642732891516 62.3660814408309
48.8402848892773 -212.880883806472 62.4014035324199
48.8899913061096 -22.4943279657569 62.4379366200806
48.2471683632127 -164.513832140886 62.4754036324008
47.6043088689479 -179.705122115543 62.5137195725409
46.9903336311734 -145.967426647951 62.5528710053956
46.7823514304153 148.771169673464 62.5926891063488
46.8724742450245 -245.285627489411 62.6328037045243
45.8403227424782 -248.666092820499 62.6726514822914
44.892784272462 -225.438860922177 62.7116114439821
44.0484095308433 -93.6368049057139 62.7491289643181
44.4695836102293 178.608622037688 62.7847436365984
45.2581764044544 196.552729779198 62.8181041841377
45.3074976471994 -121.643329983401 62.8489697657381
44.7665725760288 -173.541763098051 62.8771916664821
44.0342117060032 -105.586459129912 62.9026738679278
44.0763845113494 51.8029516107233 62.9253569692824
44.2354476119339 53.8682198170752 62.945211021502
44.5886345087276 87.3542369267402 62.9623657546403
44.7398614476448 7.92608963405318 62.986622565961
44.8144673301171 20.7980467535554 63.0079516689135
44.7072674484899 -81.6712444216185 63.0262620041555
44.3257664374553 -106.824925263692 63.0414193051954
43.9168631009317 -21.543310017502 63.0532445536639
44.4332927059296 208.023011637668 63.0615360501172
45.2866238208286 216.094003622258 63.0661243494246
46.1169865781437 184.725646219674 63.0668989851711
46.520514367143 -16.0033491062201 63.0638649940825
46.233432280173 -89.0716352138267 63.0617576882293
45.8782859960327 -96.090630915641 63.0625132345708
45.4516845874385 -110.887906076276 63.0606325021661
45.0641861612238 -79.9701325671929 63.0562903495249
44.7674284437471 -70.6794216993123 63.0524645806897
44.4990549584945 -68.6954725115871 63.0510423447156
44.2110370103791 -71.0724059157312 63.0483918762633
43.8782482940625 -104.480373572003 63.0532364273296
43.4659408228891 -72.8207903841631 63.080166232265
43.5289346585274 104.807339414793 63.1046764027695
44.0820394582913 146.145103709479 63.1270019348482
44.660804999739 144.71592913551 63.1473899669856
45.1480556524508 82.8587528683559 63.1660680101281
45.2934825423289 6.34084795678371 63.1832270958809
45.3431395624109 26.190432072311 63.1990219294529
45.3782289817484 -37.3955876498231 63.2135703371324
44.9202884255175 -177.074014194776 63.2269608585213
44.1443103853158 -195.025982931918 63.2392580121295
43.5343583701594 -81.905452158699 63.2505075868194
43.5123677556695 38.243786966729 63.260740695818
43.5531130001477 -50.6580749834785 63.2699767765496
43.134406425233 -127.93293357944 63.2782258498549
42.7630858925277 -46.8836342681386 63.2854902480191
42.7125772766577 7.06653960948624 63.2917660181889
42.753177944958 21.7772348626806 63.2970452820505
42.9772551059245 86.0473303199823 63.3013190930135
43.2415495509999 19.6605117646406 63.3045781873898
43.1381935020127 -49.1072010881572 63.3068129940956
43.009309790592 -5.35373336078239 63.3080129917935
43.0949819886504 47.3736249200983 63.308165668232
43.3916128570796 97.1230355465879 63.3072549772637
43.8057898699153 99.9805765025777 63.3052589578839
44.1613491322133 80.3426953448831 63.3021464428676
44.4711102106761 73.9584720210777 63.2978724912098
44.6709518788826 15.4984780128207 63.2923720301493
44.5901418930577 -47.3699034023803 63.2855514244979
44.3876244227774 -42.2116340227929 63.2772775809618
44.3252128615247 15.4855170811051 63.2673640125667
44.4557024586678 34.3026406659647 63.2555530376969
44.552176988948 14.1068458628836 63.2414928497375
44.5579566374098 -14.4160817418613 63.2247319455353
44.4193200673278 -50.1470275091832 63.2048176355516
44.2933415534364 8.23113055146784 63.2026057130559
44.5249187779082 89.1083299958506 63.2294279257056
44.8015498304401 26.788856462667 63.2525279643713
44.6918800833176 -71.5323373289108 63.2718041861827
44.362951084754 -74.1972763037402 63.2871711869485
44.1852789862441 -8.96675522823821 63.298558943548
44.272681621255 41.7612214710558 63.3059216720333
44.4425528715743 42.0758143816655 63.3092518338452
44.6206250541134 40.9524511715353 63.3085985845394
44.6775264150185 -20.963227965788 63.30408924396
44.4819650301935 -60.8575781123636 63.2959306650805
44.3311296116728 -2.92096916606917 63.2843673349545
44.444268630954 47.7749259218267 63.2696584624487
44.6121879074793 27.0988718438413 63.2520659302089
44.6455758993421 -8.88212527915382 63.2318440664086
44.5563039640233 -33.1775510571246 63.2092307838469
44.401368887934 -41.9033021542974 63.1918711160526
44.2539718866502 -26.0008727033738 63.191411854925
44.2180459268703 7.22622417865348 63.1883294687634
44.2822526359002 19.9884152116983 63.1848192600873
44.354793913197 15.97267647071 63.1817093526097
44.4102070453935 11.8277316676534 63.1761416869716
44.4507572763195 8.4366052122735 63.1681846122948
44.4787784230987 5.9014246131648 63.1579249377117
44.4983310505115 3.55611585999226 63.1454625697415
44.5043798242933 -0.850365020831247 63.1309051877216
44.489260268277 -7.10257251643818 63.1407217979781
44.4459436933686 -14.2186184212426 63.1487512607001
44.3835428003483 -15.7188928857051 63.1540744435355
44.3258035350174 -13.0822020500635 63.1567257363357
44.2762500342794 -11.8706841804039 63.1611237672102
44.2324553052084 -9.52471834582787 63.1707391593021
44.2065203708197 -2.08103734998863 63.178555296912
44.2409398730223 22.5688505977676 63.18457445691
44.3932265812108 51.1709275936833 63.1888168800083
44.6163906996029 57.267450014238 63.1913239940662
44.8404670305714 52.9209961479946 63.1921603573092
45.0179192830557 32.2856302513114 63.1914111255823
45.0689687473904 -9.16721928966078 63.1891783268115
44.9431380999248 -51.4919867262409 63.1855763160352
44.6965487179668 -65.5631097604781 63.180728161298
44.4548370668688 -48.3829328069274 63.1747627261963
44.3650047970708 6.23557398675904 63.1729084617328
44.4809988745143 44.652959549004 63.1878273898717
44.672369936911 48.7769601731731 63.2000492938653
44.8711956551556 50.1335938944427 63.2095509594098
45.068545754762 47.3404570943477 63.2163384988691
45.220869996775 23.4170524531709 63.2204468235078
45.2297951924516 -18.4180582065824 63.2219376739336
45.0989856356549 -42.2746097268617 63.220896308147
44.9247300531153 -41.8921408195183 63.2254015155466
44.7812291323877 -28.6283253278537 63.2358095871404
44.6926842214488 -17.2999589145608 63.2450366340987
44.6271469956382 -17.0040950025884 63.2530913288816
44.551908179514 -20.2081896784318 63.2599970961803
44.4760716739568 -16.1760184296319 63.2657919491403
44.4263545069857 -8.64291940097368 63.2705279472284
44.4129811408221 3.05654658547299 63.2742728202175
44.4519639140656 15.0818984622904 63.2771108171237
44.5196244153166 17.6053933015957 63.2791356042255
44.5935359739517 20.1777477877929 63.2804412435575
44.6848742305715 25.1087641283216 63.2811129710257
44.7857590029168 23.4830775383423 63.2812186311215
44.8549847902493 9.02830562103641 63.2808016110786
44.8485768974865 -11.927507425423 63.2798759985792
44.7761137607929 -21.2830946685177 63.2784244815614
44.6900467508115 -21.9251260276335 63.2763992223844
44.599560328917 -23.1921462838011 63.2737256050777
44.505097845381 -24.3667386827932 63.2703084373133
44.4016649276898 -26.5697212184112 63.2660399298577
44.3274476269755 -5.11549265162522 63.260808629621
44.3837662422425 33.4556738974374 63.2545083886438
44.5699885176632 51.9638152351973 63.2470461734102
44.7297868440571 22.9461398000934 63.2383450322895
44.7380208045862 -18.405553431568 63.228341368263
44.6094429308641 -40.3419041761453 63.2169872985187
44.4429784878587 -42.7599883770244 63.2042573660449
44.2642136245592 -46.9712022449145 63.1901533594078
44.0707840625172 -47.2062969362372 63.1747059935901
43.9266537197483 -18.9460749543809 63.157975691788
43.9467399054582 28.6850436786267 63.1400525416862
44.131489351003 58.9168099892638 63.1210553717382
44.3766942371563 60.2700799145941 63.1127326511614
44.6030322976576 52.1215530919426 63.1129983904545
44.7627947928244 21.2506736804594 63.1131484941493
44.7415920278704 -31.467937331183 63.1149354903409
44.5483385686364 -58.1690722830972 63.1188095480552
44.3100530606157 -59.5924607776908 63.120573720527
44.0821094283194 -53.0491289319133 63.1415956034467
43.8941825412799 -38.7363432656298 63.1694948802476
43.7924884508987 -10.630705635184 63.1963933677858
43.8073857938072 16.5408839915928 63.2221784450885
43.911069774442 34.0920476593819 63.2467565435844
44.0738129426279 45.9772659340925 63.2700513294696
44.2668860181325 49.5959140598496 63.2920028702945
44.4608131143729 45.9768562073449 63.3125616556049
44.6294526066612 38.3755597249269 63.3316845409322
44.7689765629788 31.2352200263299 63.3604221070964
44.8799150866657 25.0589308887138 63.4015534059895
44.9773790698926 23.7760536724002 63.440872279961
45.0566249530357 12.8978417141242 63.4782414546232
45.0636227673424 -9.29921040880952 63.5135231417477
44.9970824925995 -21.8039266008703 63.5465822579267
44.8979667890286 -27.5182176707104 63.5772895562928
44.7836470248231 -27.8189057987807 63.605521744793
44.6851014469187 -21.3043765788606 63.6311555847107
44.6058351874411 -20.0352000184539 63.6540663257065
44.5123839466266 -27.5351797915761 63.6741286324209
44.3900759406217 -30.9162273127594 63.6912182118929
44.3055667940618 -6.66071905300453 63.7052140945942
44.3585882097809 34.1512572988951 63.7160016295042
44.5646747242269 63.5533240774521 63.7234763300937
44.8130363218743 55.3120285698589 63.72754878231
44.979992534012 26.3922158282789 63.7281516249199
45.0368452944422 6.91851549139887 63.7252554503603
45.0627385800973 5.00560262293443 63.7345825251654
45.0507103959091 -12.754971644327 63.7422404360486
44.9752075337935 -21.5993773317038 63.7474334813057
44.8916430557166 -20.297971619048 63.7501956000905
44.8118083891769 -19.5922095222799 63.7505575464109
44.7298509473669 -22.6435481674784 63.7485429952953
44.6351083415496 -21.0703399326516 63.7483652178509
44.5943249420906 2.73546826067584 63.7548612216401
44.6442608096807 18.2043369218143 63.7599899517829
44.7198714884126 19.5235634584809 63.7638713829072
44.8006725087659 20.6401218612961 63.766650879267
44.8885385532201 24.800518640352 63.7684795779192
45.0088601777526 35.3144233384552 63.7695016900746
45.1547445895989 34.2170580106579 63.769854097692
45.2694545234832 24.208983194574 63.7696683434712
45.3637436603193 24.1480035621615 63.7690804475325
45.4545207318294 17.9401888233469 63.7682348623266
45.475538175228 -10.553627328903 63.7672857106269
45.363944046389 -43.1809698002833 63.7663979027312
45.1693711726666 -48.3466726069614 63.7657416458195
45.0051126297609 -32.2666057396687 63.7654862586277
44.9172767283596 -11.1401305314913 63.7657940262136
44.915230469177 9.06210395965262 63.7668140710915
44.962419958834 8.47764981351319 63.7686759313959
44.9334123532333 -26.9623279807603 63.7714630702507
44.7523502763382 -57.2393620978457 63.7751578240441
44.5679636217965 -23.1977005310759 63.7796345066908
44.6118492873026 42.7637563214952 63.7846752947737
44.8225234505297 47.0500025072796 63.789983898473
44.9070392889744 -5.71217508413922 63.7951958373157
44.8286499448127 -23.7340039803348 63.7998891413379
44.7721899654747 -2.2773067907106 63.8035951282573
44.7979880903807 10.6188502501491 63.8182803086902
44.8145258355058 -5.8791345309656 63.8330368521338
44.7592210252572 -16.2795443805671 63.8459245606806
44.7350910766522 8.4102578314873 63.8567681274435
44.8259154421195 33.2989479383713 63.8654238760387
44.9622747213927 30.2464598138265 63.8717831059271
45.0374075321935 3.88757221826229 63.8757734268408
44.978991836382 -32.3182183284819 63.8773552299229
44.8101926740019 -44.192737360964 63.8765189150466
44.6905640034566 -11.0226781914001 63.8732839258134
44.7326033154022 31.0372364859411 63.8676965897209
44.9056911911971 47.1366180509544 63.8598299310129
45.0483267411174 21.0749543967254 63.8497807872734
45.0828014936831 0.101398238520481 63.8376648665661
45.0836874462996 3.61832497769401 63.8236113468055
45.1216220602058 14.4116894844287 63.8077574799224
45.171561793326 4.95843738699528 63.7902435471308
45.1237761178932 -30.1063946042525 63.7712090545249
44.9546267105388 -48.8185697677814 63.7507920929718
44.7734050572501 -36.9088709317943 63.7337901912041
44.6964155924494 0.728442132030948 63.7587145305724
44.7724648603984 33.7779825580981 63.7819700067812
44.9300477316436 39.9024527488543 63.8033789354067
45.0417015280914 9.94750999648991 63.8227675956644
44.9926853422302 -31.6042251348376 63.8399744669844
44.8418351677376 -35.1429706182855 63.854869667105
44.7659347814534 1.20420374143466 63.8673611961424
44.8521158186727 36.6434366546092 63.877391887458
44.9789410018368 17.2658178032391 63.8849387730163
44.9602652825796 -25.5128822263999 63.8900087982948
44.8088067662017 -44.122487573739 63.8926331754056
44.6540786812571 -28.3185184386663 63.8928624860028
44.6125426098884 9.27628676547819 63.8907620548069
44.71637775889 37.9777429487771 63.8864073888981
44.8613188296318 26.3460126178714 63.8798821016109
44.8798194219332 -19.6942440785514 63.871275969733
44.7237872160595 -49.2870704244779 63.8606813321526
44.5795186756211 -14.4164619360863 63.8481918815207
44.6219943060776 31.4405844064393 63.8339012942291
44.7630938166066 29.6583184026474 63.8179004277884
44.817052774217 -4.64797966185802 63.80027581354
44.7327807469072 -34.0177375227098 63.7811088319998
44.5804278574256 -38.4896058216935 63.7604798207065
44.4495198523273 -24.1907753203593 63.738477149365
44.3971724614275 -2.2200524594456 63.7481627246654
44.4235750748571 14.0520183691647 63.7602922875718
44.4980202656119 21.7465672770496 63.7719199350375
44.5885119896152 22.4144706760324 63.7828453229689
44.6667922497401 14.6088914296644 63.7928749139632
44.6839930413315 -8.15796482204798 63.8018241568158
44.5997416426487 -31.9244527074962 63.809521187993
44.4559920155641 -36.0668708863479 63.8158031986792
44.3452161089157 -15.4895603520084 63.8205123719601
44.3417308629981 11.9344894391291 63.82349461491
44.4127951462729 20.4197474404986 63.8246022946094
44.494219876524 19.7325516683407 63.8237015770745
44.5668085891554 15.8644678638526 63.8206815769591
44.6087736348968 2.79296419338186 63.8154645875812
44.5760051119484 -19.4205627682242 63.808014454791
44.4643012024931 -33.7858444066812 63.7983352676885
44.3297085837902 -29.6467454285547 63.7864633286156
44.2575590039572 -4.60842435377319 63.772461388615
44.2872155970791 17.2620899956375 63.7564100420078
44.3789977769467 26.8884438425157 63.7383805256607
44.4885462140189 25.7815922019737 63.7184194943388
44.562015217044 8.58470832269774 63.6965480532261
44.5549851525929 -10.4367755208746 63.6727659261446
44.4987682502785 -15.3522709760807 63.6470553423153
44.4431911837768 -11.5323111352535 63.6193828806407
44.4105928037253 -4.51874185066038 63.5896985181224
44.4082708915277 3.49477974427248 63.5579354312312
44.4396302465551 12.0088942582931 63.5240197969886
