# Fix print output for fix writeZ
66.843 -537.894048846143 62.0685
64.6914337942499 -537.791215594184 62.0911102865177
62.5821243866274 -499.031787148656 62.1132749325235
60.7349908108695 -399.864102239849 62.1348165980438
59.1807464858407 -358.333823313711 62.1555613904721
58.2288616687137 197.625001081504 62.1753526316498
59.6114630810743 359.179690128727 62.1968658599262
61.1418744291653 379.482369097163 62.2197050571543
62.5915562224746 373.69122231954 62.2443728951247
64.1404390365111 395.993131405534 62.2713044797146
65.7327503919436 398.379889081669 62.300672406999
67.3262699482704 398.379889081669 62.3323677110696
68.9197895045971 398.379889081669 62.3660814408309
70.5133090609238 398.379889081669 62.4014035324199
72.1068286172505 398.379889081669 62.4379366200806
73.7003481735773 398.379889081669 62.4754036324008
75.293867729904 398.379889081669 62.5137195725409
76.8873872862307 398.379889081669 62.5528710053956
78.4809068425574 398.379889081669 62.5926891063488
80.0744263988842 398.379889081669 62.6328037045243
81.6679459552109 398.379889081669 62.6726514822914
83.2614655115376 398.379889081669 62.7116114439821
84.8549850678643 398.379889081669 62.7491289643181
86.4485046241911 398.379889081669 62.7847436365984
88.0420241805178 398.379889081669 62.8181041841377
89.6355437368445 398.379889081669 62.8489697657381
91.2290632931713 398.379889081669 62.8771916664821
92.822582849498 398.379889081669 62.9026738679278
94.4161024058247 398.379889081669 62.9253569692824
96.0096219621514 398.379889081669 62.945211021502
97.6031415184782 398.379889081669 62.9623657546401
99.1966610748049 398.379889081669 62.9866225659607
100.790180631132 398.379889081669 63.007951668913
