# Fix print output for fix writeZ
66.843 -537.894048846143 62.0685
64.6914388828722 -537.763169781471 62.0911102865177
62.5873582954383 -493.509106224007 62.1132750230551
60.678364229211 -468.23835451036 62.1348184258525
58.914788658445 -373.236492002231 62.1555615209208
57.3679628685835 -396.716135036429 62.1753250819749
56.5974447605894 305.198273507177 62.1968658599262
58.0768310919933 381.000097536465 62.2197050571543
59.6264253925395 404.505536114351 62.2443728951247
61.2744859172159 342.847288257788 62.2713044797146
62.0874650125158 195.897275346698 62.300672406999
62.9862394092931 267.203089445261 62.3323677110696
64.314240784411 360.203694359805 62.3660814408309
65.7608943551748 361.89180817874 62.4014035324199
67.2084615878897 361.89180817874 62.4379366200806
68.6560288206045 361.89180817874 62.4754036324008
70.1035960533194 361.89180817874 62.5137195725409
71.5511632860342 361.89180817874 62.5528710053956
72.9987305187491 361.89180817874 62.5926891063488
74.4462977514639 361.89180817874 62.6328037045244
75.8938649841788 361.89180817874 62.6726514822916
77.3414322168936 361.89180817874 62.7116114439826
78.7889994496085 361.89180817874 62.7491289643192
80.2365666823233 361.89180817874 62.7847436366007
81.6841339150381 361.89180817874 62.8181041841428
83.131701147753 361.89180817874 62.848969765749
84.5792683804678 361.89180817874 62.8771916665045
86.0268356131827 361.89180817874 62.9026738679715
87.4744028458975 361.89180817874 62.9253569693635
88.9219700786124 361.89180817874 62.9452110216455
90.3695373113272 361.89180817874 62.9623657546401
91.8171045440421 361.89180817874 62.9866225659606
93.2646717767569 361.89180817874 63.0079516689128
94.7122390094718 361.89180817874 63.0262620041542
96.1598062421866 361.89180817874 63.0414193051932
97.6073734749015 361.89180817874 63.0532445536603
99.0549407076163 361.89180817874 63.0615360501115
100.502507940331 361.89180817874 63.0661243494154
