# Fix print output for fix writeZ
66.843 -537.894048846143 62.0685
64.6914249765462 -537.86471395822 62.0911102865177
62.5666851065864 -513.040803389214 62.1132750230551
61.1480870851871 62.7334316608025 62.1348184258525
61.3424287019107 -103.470593237179 62.1555615209208
61.7873153074447 369.810432711346 62.1753250819749
63.4324399974276 463.577233965395 62.1968658599262
65.3512382382339 483.494860233027 62.2197050571543
67.2852176791661 483.494860233027 62.2443728951247
69.2191971200983 483.494860233027 62.2713044797146
71.1531765610305 483.494860233027 62.300672406999
73.0871560019627 483.494860233027 62.3323677110696
75.0211354428949 483.494860233027 62.3660814408309
76.9551148838271 483.494860233027 62.4014035324199
78.8890943247593 483.494860233027 62.4379366200806
80.8230737656915 483.494860233027 62.4754036324008
82.7570532066237 483.494860233027 62.5137195725409
84.6910326475559 483.494860233027 62.5528710053956
86.6250120884881 483.494860233027 62.5926891063488
88.5589915294203 483.494860233027 62.6328037045243
90.4929709703525 483.494860233027 62.6726514822914
92.4269504112847 483.494860233027 62.7116114439821
94.3609298522169 483.494860233027 62.7491289643181
96.2949092931491 483.494860233027 62.7847436365984
98.2288887340814 483.494860233027 62.8181041841377
100.162868175014 483.494860233027 62.8489697657381
