# Fix print output for fix writeZ
66.843 -537.894048846143 62.0685
64.6914524612556 -537.692489806628 62.0911102865177
62.5939232546531 -487.290151411492 62.1132750230551
60.784328473213 -390.841524991373 62.1348184258525
59.3589096761559 -268.903549185257 62.1555615209208
58.5505790298808 -127.589379849312 62.1753250819749
58.5331133562548 -13.2405961183824 62.1968658599262
58.5452904780437 152.44793913016 62.2197050571543
59.3873482612075 267.488228402305 62.2443728951247
60.7441914877594 361.911209773571 62.2713044797146
62.3224351874795 414.018570669737 62.300672406999
64.1576119746767 476.473936177188 62.3323677110696
66.0672303449103 477.476434027877 62.3660814408309
67.9771360810218 477.476434027877 62.4014035324199
69.8870418171332 477.476434027877 62.4379366200806
71.7969475532447 477.476434027877 62.4754036324008
73.7068532893561 477.476434027877 62.5137195725409
75.6167590254676 477.476434027877 62.5528710053956
77.526664761579 477.476434027877 62.5926891063488
79.4365704976905 477.476434027877 62.6328037045243
81.346476233802 477.476434027877 62.6726514822914
83.2563819699134 477.476434027877 62.7116114439821
85.1662877060249 477.476434027877 62.7491289643181
87.0761934421363 477.476434027877 62.7847436365984
88.9860991782478 477.476434027877 62.8181041841378
90.8960049143592 477.476434027877 62.8489697657381
92.8059106504707 477.476434027877 62.8771916664822
94.7158163865821 477.476434027877 62.9026738679279
96.6257221226936 477.476434027877 62.9253569692824
98.535627858805 477.476434027877 62.9452110215021
100.445533594916 477.476434027877 62.9623657546401
