# Fix print output for fix writeZ
66.843 -537.894048846143 62.0685
64.6914252616242 -537.852116953375 62.0911102865177
62.5768794433842 -503.208407804917 62.1132750230551
60.6496653903398 -457.915022026793 62.1348184258525
58.7931919009207 -459.566953902686 62.1555615209208
57.080507585474 -389.156304523525 62.1753250819749
55.4718195250649 -405.093393885758 62.1968658599262
55.1253670145729 334.916428591853 62.2197050571543
56.519494791629 351.907491472959 62.2443728951247
57.7080416685546 281.941242234661 62.2713044797146
58.6515302569225 214.315405274945 62.300672406999
59.3879797575218 42.7976235194189 62.3323677110696
59.409161579398 48.2695727060406 62.3660814408309
59.2404402668768 -211.538187770604 62.4014035324199
58.296734555802 -248.489243951173 62.4379366200806
57.3742326714956 -159.054161454599 62.4754036324008
56.8653252687042 -37.5068992359547 62.5137195725409
56.9701191553547 24.4142453561028 62.5528710053956
57.0441447127179 59.4042924495754 62.5926891063488
57.3934165918091 95.3352466781665 62.6328037045243
57.7510499779827 47.8017750586006 62.6726514822914
57.6585347939372 -52.3426126372018 62.7116114439821
57.6326492132064 45.0283072233403 62.7491289643181
57.9070466284251 170.196727719099 62.7847436365984
58.9280670480479 256.816153582233 62.8181041841377
59.8585110530851 201.062829689104 62.8489697657381
60.74132348748 218.427478676472 62.8771916664821
60.8529013892274 -116.408073703174 62.9026738679278
60.4735794834311 -76.5122689909163 62.9253569692824
60.1153049327327 -138.011461149634 62.945211021502
59.5995881981221 -50.1656703326371 62.9623657546408
59.4802092269331 -71.2618406026398 62.986622565962
58.9483032663954 -164.128610173985 63.0079516689157
58.2392133857275 -190.985204157371 63.0262620041599
57.8629191170944 92.9546640774508 63.0414193052039
58.2778078280209 -17.5329083085004 63.0532445536794
57.7169362531607 -153.778416472895 63.0615360501439
57.4888174157731 10.347979178273 63.0661243494683
57.6053748635608 48.8263142759084 63.066898985241
57.7938421974887 17.1757830253513 63.0638649941929
57.6436829495656 -70.2752113629634 63.0617576884041
57.4043532635364 -53.9370992344005 63.0625132348331
57.2247177736758 -25.4273946315148 63.0606325025643
57.2460654127203 38.0741094990472 63.056290350137
57.4883570813395 76.5273590181195 63.0524159039184
57.9139557609175 146.682251813842 63.050981839592
58.5923569721874 160.875508852416 63.0483166191583
59.0087862704866 33.0942630175744 63.053897314673
58.8263905640992 -111.613614492472 63.0809945288621
58.2318912457891 -168.313869809652 63.1056968827328
57.551042609891 -167.114574793792 63.1282392891649
57.0738737006577 -46.3597698466546 63.1488682005109
57.1593527888235 66.3908745115138 63.1678102056759
57.5263654428821 119.314393048585 63.185254968111
58.0530685910058 124.088987818682 63.2013561189276
58.3103663848779 -15.1880708933429 63.2162304117663
58.0600654347272 -84.8208181540008 63.2299665419888
57.7795187525411 -40.715463813084 63.2426305146318
57.7445006486308 3.16424137379201 63.254269788383
57.6736132344928 -38.060925189719 63.2649172500015
57.5621549234611 -6.78312695572912 63.2745941613408
57.6094264984432 23.4651758214113 63.2833123303424
57.6959312715423 8.83644169679535 63.2910757526994
57.620566985496 -44.3206341352392 63.2978818912664
57.3759076105882 -71.3182175166649 63.30372281612
57.2190093496448 21.3584783904576 63.3085874016576
57.579111872399 129.437524868056 63.3124632580568
58.008421799217 74.6209532708633 63.3153371277879
58.2426610678952 53.6664491998998 63.317194626697
58.4610661205484 50.241281904615 63.3180193662911
58.5923792851066 13.7302280016455 63.3177915702224
58.6090163922563 1.58714713801482 63.316485947983
58.6418312026527 13.8976016199963 63.3140684029183
58.6712746172074 -6.93501290401212 63.3104914045968
58.5457511547721 -59.5119916642217 63.3056875999498
58.1474432057079 -140.830106404479 63.2995613937896
57.4999014821625 -166.29900473165 63.2919781018292
56.8971191525145 -123.776360755116 63.2827501810362
56.5616409851324 -45.2436004140174 63.2716198831007
56.4690518966078 -8.80540897575921 63.2582366375691
56.4813305733801 17.5085094381862 63.2421446830487
56.5952510990221 32.8201914556251 63.2228730755432
56.7044091292576 26.5652370218668 63.2000327630226
56.8903128751797 74.3729007426001 63.2262705383897
57.2925283952496 117.815810597846 63.2495124831162
57.7737869299202 116.958273056329 63.2689504066787
58.1610667427193 74.4774857867805 63.2844982367677
58.4256230693574 66.7821098658434 63.2960864347711
58.6908037688736 58.8990434776756 63.3036703890308
58.8869931255975 41.3032343253735 63.3072440039441
59.0260934826978 27.0914040330673 63.3068574235347
59.1001335535017 9.38322396572576 63.302637160894
59.053561667783 -42.6878162906843 63.2947857734491
58.7789113327356 -74.5408014748825 63.283542063322
58.6457392784906 21.9749698326787 63.2691601068955
58.8930635008186 83.7170122595502 63.2518977276907
59.241717674439 93.8167913678497 63.2320063013045
59.6507363535311 107.443371110552 63.2097219105385
60.0598666517002 94.9798956206125 63.1934589314109
60.4161610111625 86.8462611661828 63.1920112597855
60.7808793365177 93.4174035030448 63.1937389633828
61.1181313018805 68.173312535382 63.1932236151246
61.2835786190004 11.8493971138617 63.1901967077
61.1923308671868 -59.4228172612147 63.1847072629567
60.8405843457277 -106.417934286465 63.1768255287525
60.4233396203279 -99.8107532387231 63.1666375480176
60.0295039808421 -95.61286337017 63.1735163629413
59.699152505111 -58.7426053592781 63.2007915796332
59.6373663616595 33.2494181047856 63.2259882401729
59.9257297977295 97.3360883998288 63.2490581995561
60.3196838591647 94.8821634818126 63.269945998958
60.6682804976792 71.6289949944863 63.2885921049391
60.8819545126895 41.9841612267757 63.3049364279693
61.0623132463438 51.2734717202459 63.3189219228629
61.2386399162838 19.2473315164355 63.3304981478666
61.1314124713807 -71.7400210465127 63.3396246042775
60.7687905067712 -88.7369686952531 63.3462736455567
60.5585522721575 -8.56997305426554 63.3504327148235
60.6884226252142 66.0173238874847 63.3521057393399
61.0143739631753 88.6963105182958 63.3513135212565
61.3408215245549 61.5533672099283 63.3480933729028
61.4312802691202 -16.9898274269734 63.3424985500053
61.2714273446489 -50.5089076204776 63.3345940697029
61.0909251446508 -33.5628392730111 63.3244591904679
61.0212716850691 -2.8838912668553 63.3832875945317
61.0415648751539 10.6080192308525 63.4399006159902
61.1169426450141 29.3437156603779 63.4930767760861
61.2783514812099 48.9333984738062 63.542823691798
61.4790238909481 49.1495227073376 63.5894355185845
61.6675913282 46.6999075797434 63.6332971808088
61.8939396952429 72.3008053834748 63.6744626749144
62.2503200554572 95.9085734454824 63.7132323888673
62.5299339008117 32.3808770755179 63.7530246392095
62.5060325523168 -35.1241066535804 63.7971568477246
62.3823760622277 -11.221222966496 63.8426941826801
62.4607000882088 48.2192524227448 63.8862879237097
62.7055989187496 64.4689352754424 63.9276366119703
62.9266744794115 42.5547624757777 63.9677998362289
63.0449657606931 19.5322392895815 64.0079931733771
63.1152051186086 18.5916442509464 64.0471951295341
63.2055444073154 27.5043558587776 64.0843264490014
63.3378148064192 38.1722551257689 64.1194020006353
63.5057683092987 45.1660609826174 64.1527952695626
63.6921828117369 47.1636591475032 64.1849936965938
63.8797300779999 46.866876241608 64.2164179891632
64.0701697721416 48.5815758372967 64.2472630828272
64.2705131575114 51.8933036708302 64.2775070817638
64.4879777780723 57.224189911781 64.306974912041
64.7306728288099 64.2410207521982 64.3353464767532
65.0013824603524 70.9249772660969 64.362358994512
65.2963234608467 76.4923769029532 64.3878994174214
65.6133424331233 81.598776027516 64.4119916523177
65.9438349577112 83.0489072542174 64.434729877577
66.2760307247462 83.0489423567902 64.4561818707511
66.6082264941734 83.0489423567902 64.476367776071
66.9404222636005 83.0489423567902 64.4952618540313
67.2726180330276 83.0489423567902 64.5128542132043
67.6048138024548 83.0489423567902 64.5291930580024
67.9370095718819 83.0489423567902 64.5444066058285
68.269205341309 83.0489423567902 64.5587674183166
68.6014011107362 83.0489423567902 64.5727173483834
68.9335968801633 83.0489423567902 64.5868317379937
69.2657926495904 83.0489423567902 64.6017575442837
69.5979884190176 83.0489423567902 64.6181419267697
69.9301841884447 83.0489423567902 64.63654611182
70.2623799578718 83.0489423567902 64.6573531769091
70.5945757272989 83.0489423567902 64.6806668116578
70.9267714967261 83.0489423567902 64.7062525927594
71.2589672661532 83.0489423567902 64.7335741631779
71.5911630355803 83.0489423567902 64.7618750566469
71.9233588050075 83.0489423567902 64.7902526865005
72.2555545744346 83.0489423567902 64.8177417557129
72.5877503438617 83.0489423567902 64.8434002826493
72.9199461132889 83.0489423567902 64.8664282164631
73.252141882716 83.0489423567902 64.8862864816023
73.5843376521431 83.0489423567902 64.9026462000731
73.9165334215703 83.0489423567902 64.9151955683969
74.2487291909974 83.0489423567902 64.923568678736
74.5809249604245 83.0489423567902 64.9274135994856
74.9131207298516 83.0489423567902 64.9265405020327
75.2453164992788 83.0489423567902 64.9209468822251
75.5775122687059 83.0489423567902 64.9108160053992
75.909708038133 83.0489423567902 64.8964855410624
76.2419038075602 83.0489423567902 64.878349529878
76.5740995769873 83.0489423567902 64.8567944734589
76.9062953464144 83.0489423567902 64.8321967852693
77.2384911158416 83.0489423567902 64.8049476145388
77.5706868852687 83.0489423567902 64.7754902109497
77.9028826546958 83.0489423567902 64.7443847590497
78.2350784241229 83.0489423567902 64.7124108694723
78.5672741935501 83.0489423567902 64.6806070090313
78.8994699629772 83.0489423567902 64.6502220658119
79.2316657324043 83.0489423567902 64.6225572417666
79.5638615018315 83.0489423567902 64.5988817962937
79.8960572712586 83.0489423567902 64.5803603721051
80.2282530406857 83.0489423567902 64.5679654021369
80.5604488101129 83.0489423567902 64.5624005775972
80.89264457954 83.0489423567902 64.5640580184906
81.2248403489671 83.0489423567902 64.5730159597588
81.5570361183943 83.0489423567902 64.5889579359895
81.8892318878214 83.0489423567902 64.6110928203339
82.2214276572485 83.0489423567902 64.6382461326896
82.5536234266756 83.0489423567902 64.6690007276747
82.8858191961028 83.0489423567902 64.7019381324471
83.2180149655299 83.0489423567902 64.7358398012838
83.550210734957 83.0489423567902 64.7697130733727
83.8824065043842 83.0489423567902 64.8027520452937
84.2146022738113 83.0489423567902 64.834299688094
84.5467980432384 83.0489423567902 64.8638063384432
84.8789938126656 83.0489423567902 64.890789418634
85.2111895820927 83.0489423567902 64.9148596943383
85.5433853515198 83.0489423567902 64.9358156248232
85.8755811209469 83.0489423567902 64.9536660739302
86.2077768903741 83.0489423567902 64.9686429675352
86.5399726598012 83.0489423567902 64.9811895153682
86.8721684292283 83.0489423567902 64.9918540812418
87.2043641986555 83.0489423567902 65.0012351174086
87.5365599680826 83.0489423567902 65.0099060009765
87.8687557375097 83.0489423567902 65.0183514621875
88.2009515069369 83.0489423567902 65.0270051455339
88.533147276364 83.0489423567902 65.0362308393359
88.8653430457911 83.0489423567902 65.0462917012702
89.1975388152183 83.0489423567902 65.0573197343783
89.5297345846454 83.0489423567902 65.0692962587684
89.8619303540725 83.0489423567902 65.0820564592949
90.1941261234996 83.0489423567902 65.0953083633578
90.5263218929268 83.0489423567902 65.1086633504729
90.8585176623539 83.0489423567902 65.121672042312
91.190713431781 83.0489423567902 65.1338580382027
91.5229092012082 83.0489423567902 65.1447468751192
91.8551049706353 83.0489423567902 65.1538875215836
92.1873007400624 83.0489423567902 65.1608694547487
92.5194965094896 83.0489423567902 65.1653504193555
92.8516922789167 83.0489423567902 65.1670601408247
93.1838880483438 83.0489423567902 65.1657932233575
93.5160838177709 83.0489423567902 65.1614232892718
93.8482795871981 83.0489423567902 65.1539251964115
94.1804753566252 83.0489423567902 65.1434042478905
94.5126711260523 83.0489423567902 65.1301165342913
94.8448668954795 83.0489423567902 65.1144323085383
95.1770626649066 83.0489423567902 65.0967292779091
95.5092584343337 83.0489423567902 65.0773517030589
95.8414542037609 83.0489423567902 65.056590663136
96.173649973188 83.0489423567902 65.0346655624209
96.5058457426151 83.0489423567902 65.011709022085
96.8380415120423 83.0489423567902 64.9877852682918
97.1702372814694 83.0489423567902 64.9629402837186
97.5024330508965 83.0489423567902 64.937213435142
97.8346288203236 83.0489423567902 64.9106438090825
98.1668245897508 83.0489423567902 64.8832911065335
98.4990203591779 83.0489423567902 64.8552921893651
98.831216128605 83.0489423567902 64.8268887454832
99.1634118980322 83.0489423567902 64.7984303902013
99.4956076674593 83.0489423567902 64.7703911033186
99.8278034368864 83.0489423567902 64.7433625183766
100.159999206314 83.0489423567902 64.7180011773761
