# Fix print output for fix writeZ
66.843 -537.894048846143 62.0685
64.6914544393471 -537.68265565477 62.0911102865177
62.5924498762187 -488.413323603492 62.1132750232168
61.0760966638582 -16.2849232467699 62.1348184355285
61.2274906043092 -215.055523147499 62.1555615671469
60.0977804896049 -299.745905483739 62.1908986532617
58.9413738347999 -281.803576738411 62.2472319894805
58.2116213364901 36.1690004758405 62.3015519662526
58.4756992691559 73.3695482703499 62.3529432848195
59.0098054493518 157.404551870304 62.4011137519955
59.7098047622081 168.416134065899 62.4463297244979
59.6811724408053 -39.4067981667474 62.488648587407
60.2968873056357 213.206918670767 62.5278708948559
61.1407229288306 165.545341390654 62.5640343688544
61.2431658087573 21.5455414113323 62.5974795062375
61.7235809021496 99.5869894088517 62.6287534696242
61.6507711547789 -60.7556420018852 62.6584514281282
61.1389582732092 -194.682300842125 62.6870971068543
60.3488329224814 -201.101971035834 62.7150678343695
59.4047958595924 -271.641537837681 62.7425871466172
58.3570561126598 -209.560736640487 62.7697158581702
58.5526140547213 224.662354574993 62.7963846106269
59.4782552121993 216.885936086074 62.8224935951263
59.7729754357616 -86.5703650247541 62.847941389814
59.3670371932466 -85.3073941150982 62.8726348652475
59.0238242528674 -101.57187995932 62.8965067289665
58.6574337429193 -52.3674058365162 62.9195202770134
58.6649755487771 37.9550198802596 62.9416557397528
58.8762045159195 61.6556903325082 62.9628936186838
59.0518500472326 20.2389724228949 62.9832061082876
59.0866147013613 3.69854651483472 63.0025592205717
59.1142636496088 15.416170549825 63.02091778704
59.2681131815218 62.7556309593556 63.0382451014337
59.5533151449323 71.3972426142669 63.0545017070036
59.85908737709 94.2334733136047 63.0696395668996
60.3848603875056 167.553416180192 63.0836052083608
61.091129540191 162.007558152484 63.0963521792444
61.5007249316613 37.8366409890772 63.1078494687144
61.5213140576073 -4.57036107664519 63.1180924553946
61.6161169561522 68.1028908988046 63.1271180180459
62.1248864897084 179.680465297258 63.1350146588104
62.9298203423663 212.664969435759 63.1419367133879
63.8057689198351 223.511941992648 63.148101177409
64.7062892490837 225.73239441996 63.1537711010397
65.6092188264156 225.732394333039 63.1592287128737
66.5121484037478 225.732394333039 63.1647504512881
67.4150779810801 225.732394333039 63.1705867346501
68.3180075584123 225.732394333039 63.1769386577262
69.2209371357446 225.732394333039 63.1839356151646
70.1238667130769 225.732394333039 63.1916136455127
71.0267962904091 225.732394333039 63.1999074560344
71.9297258677414 225.732394333039 63.2086664930743
72.8326554450736 225.732394333039 63.2176684137814
73.7355850224059 225.732394333039 63.226634719779
74.6385145997382 225.732394333039 63.2354020388282
75.5414441770704 225.732394333039 63.2458840751537
76.4443737544027 225.732394333039 63.2544778620582
77.3473033317349 225.732394333039 63.2612059058994
78.2502329090672 225.732394333039 63.2661025321496
79.1531624863995 225.732394333039 63.2692131164518
80.0560920637317 225.732394333039 63.2705932256761
80.959021641064 225.732394333039 63.2782259096715
81.8619512183962 225.732394333039 63.28549032426
82.7648807957285 225.732394333039 63.2917661147256
83.6678103730607 225.732394333039 63.297045403479
84.570739950393 225.732394333039 63.3013192447542
85.4736695277253 225.732394333039 63.3045783758021
86.3765991050575 225.732394333039 63.306813226638
87.2795286823898 225.732394333039 63.3080132772219
88.182458259722 225.732394333039 63.3081660168425
89.0853878370543 225.732394333039 63.3072554017104
89.9883174143866 225.732394333039 63.3052594744102
90.8912469917188 225.732394333039 63.3021470721179
91.7941765690511 225.732394333039 63.2978732591169
92.6971061463833 225.732394333039 63.2923729689461
93.6000357237156 225.732394333039 63.2855525738683
94.5029653010479 225.732394333039 63.2772789893584
95.4058948783801 225.732394333039 63.2673657387329
96.3088244557124 225.732394333039 63.2555551524619
97.2117540330446 225.732394333039 63.241495438215
98.1146836103769 225.732394333039 63.2247351094538
99.0176131877091 225.732394333039 63.2048214950712
99.9205427650414 225.732394333039 63.2018913437813
100.823472342374 225.732394333039 63.229092413279
