# Fix print output for fix writeZ
66.843 -537.894048846143 62.0685
64.6915926615803 -537.21788498102 62.0911102865177
62.7067833453641 -334.643485897968 62.1132750230551
61.9246204536804 -123.421704657063 62.1348184258525
61.4902533998982 -227.82607506376 62.1555615209208
60.9351507601259 120.613301468437 62.1753250819749
61.5867807692399 244.947142732171 62.1968658599262
62.9216722680978 367.581317635677 62.2197050571543
64.4298375777108 383.287037621949 62.2443728951247
65.9643220974704 383.636470493488 62.2713044797146
67.4988679794444 383.636470493488 62.300672406999
69.0334138614185 383.636470493488 62.3323677110696
70.5679597433925 383.636470493488 62.3660814408309
72.1025056253666 383.636470493488 62.4014035324199
73.6370515073407 383.636470493488 62.4379366200806
75.1715973893147 383.636470493488 62.4754036324008
76.7061432712888 383.636470493488 62.5137195725409
78.2406891532628 383.636470493488 62.5528710053956
79.7752350352369 383.636470493488 62.5926891063488
81.3097809172109 383.636470493488 62.6328037045243
82.844326799185 383.636470493488 62.6726514822914
84.378872681159 383.636470493488 62.7116114439821
85.9134185631331 383.636470493488 62.7491289643181
87.4479644451071 383.636470493488 62.7847436365984
88.9825103270812 383.636470493488 62.8181041841377
90.5170562090553 383.636470493488 62.8489697657381
92.0516020910293 383.636470493488 62.8771916664821
93.5861479730034 383.636470493488 62.9026738679278
95.1206938549774 383.636470493488 62.9253569692824
96.6552397369515 383.636470493488 62.945211021502
98.1897856189255 383.636470493488 62.9623657546409
99.7243315008996 383.636470493488 62.9866225659622
101.258877382874 383.636470493488 63.0079516689157
