# Fix print output for fix writeZ
66.843 -537.894048846143 62.0685
64.6916074926034 -537.17852592301 62.0911102865177
62.7379239384766 -277.836344851069 62.1132750230551
62.4762926178303 32.5395323409332 62.1348184258525
63.3682560250383 294.68439215738 62.1555615209208
64.5867037634532 311.24270317943 62.1753250819749
65.8369590037608 312.743108710276 62.1968658599262
67.0879314386018 312.743108710276 62.2197050571543
68.3389038734429 312.743108710276 62.2443728951247
69.5898763082839 312.743108710276 62.2713044797146
70.840848743125 312.743108710276 62.300672406999
72.0918211779661 312.743108710276 62.3323677110696
73.3427936128071 312.743108710276 62.3660814408309
74.5937660476482 312.743108710276 62.4014035324199
75.8447384824892 312.743108710276 62.4379366200806
77.0957109173303 312.743108710276 62.4754036324008
78.3466833521714 312.743108710276 62.5137195725409
79.5976557870124 312.743108710276 62.5528710053956
80.8486282218535 312.743108710276 62.5926891063488
82.0996006566945 312.743108710276 62.6328037045244
83.3505730915356 312.743108710276 62.6726514822914
84.6015455263767 312.743108710276 62.7116114439822
85.8525179612177 312.743108710276 62.7491289643182
87.1034903960588 312.743108710276 62.7847436365986
88.3544628308998 312.743108710276 62.8181041841382
89.6054352657409 312.743108710276 62.848969765739
90.856407700582 312.743108710276 62.8771916664839
92.107380135423 312.743108710276 62.9026738679311
93.3583525702641 312.743108710276 62.9253569692883
94.6093250051051 312.743108710276 62.9452110215125
95.8602974399462 312.743108710276 62.9623657546401
97.1112698747873 312.743108710276 62.9866225659606
98.3622423096283 312.743108710276 63.0079516689128
99.6132147444694 312.743108710276 63.0262620041542
100.86418717931 312.743108710276 63.0414193051932
