# Fix print output for fix writeZ
66.843 -537.894048846143 62.0685
64.6914238046155 -537.894048846143 62.0911102865177
62.5552758743461 -524.775061051154 62.1132750230551
61.5702909984157 392.987087293012 62.1348184258525
63.5198726363162 509.399751022905 62.1555615209212
65.5693624133081 512.965702076406 62.1753250819785
67.6212252216137 512.965702076406 62.1968658599262
69.6730880299193 512.965702076406 62.2197050571543
71.7249508382249 512.965702076406 62.2443728951247
73.7768136465305 512.965702076406 62.2713044797146
75.8286764548361 512.965702076406 62.300672406999
77.8805392631417 512.965702076406 62.3323677110696
79.9324020714473 512.965702076406 62.3660814408309
81.9842648797529 512.965702076406 62.4014035324199
84.0361276880585 512.965702076406 62.4379366200806
86.0879904963641 512.965702076406 62.4754036324008
88.1398533046697 512.965702076406 62.5137195725409
90.1917161129753 512.965702076406 62.5528710053956
92.2435789212809 512.965702076406 62.5926891063488
94.2954417295865 512.965702076406 62.6328037045243
96.3473045378921 512.965702076406 62.6726514822914
98.3991673461977 512.965702076406 62.7116114439821
100.451030154503 512.965702076406 62.7491289643181
