# Fix print output for fix writeZ
66.843 -537.894048846143 62.0685
64.6914238046155 -537.894048484737 62.0911102865177
62.5599276320697 -520.781058022644 62.1132750230551
61.0412823330444 -56.2115505877345 62.1348184258525
61.1853763649709 271.294665100304 62.1555615209208
62.9987781149513 502.814632601176 62.1753250819749
65.0370318595196 511.625463184651 62.1968658599262
67.0835337122582 511.625463184651 62.2197050571543
69.1300355649969 511.625463184651 62.2443728951247
71.1765374177355 511.625463184651 62.2713044797146
73.2230392704741 511.625463184651 62.300672406999
75.2695411232128 511.625463184651 62.3323677110696
77.3160429759514 511.625463184651 62.3660814408309
79.36254482869 511.625463184651 62.4014035324199
81.4090466814286 511.625463184651 62.4379366200806
83.4555485341673 511.625463184651 62.4754036324008
85.5020503869059 511.625463184651 62.5137195725409
87.5485522396445 511.625463184651 62.5528710053956
89.5950540923832 511.625463184651 62.5926891063488
91.6415559451218 511.625463184651 62.6328037045243
93.6880577978604 511.625463184651 62.6726514822914
95.7345596505991 511.625463184651 62.7116114439821
97.7810615033377 511.625463184651 62.7491289643181
99.8275633560763 511.625463184651 62.7847436365984
101.874065208815 511.625463184651 62.8181041841377
