# Fix print output for fix writeZ
66.843 -537.894048846143 62.0685
64.6914408176363 -537.753099615532 62.0911102865177
62.5832883010506 -497.111531891481 62.1132750230551
61.0928773217546 5.02270900546292 62.1348184258525
61.2093622803808 -152.26395549512 62.1555615209208
60.9033703701324 52.233292989067 62.1753250819749
61.3044770750557 196.697760151184 62.1968658599262
62.1884611500927 229.259552419449 62.2197050571543
63.2262362442385 280.887012475439 62.2443728951247
64.424734205846 310.919401229927 62.2738887993157
65.6761588761766 313.250484599304 62.301528668799
66.9291608145739 313.250484599304 62.3323677110696
68.1821627529713 313.250484599304 62.3660814408309
69.4351646913686 313.250484599304 62.4014035324199
70.688166629766 313.250484599304 62.4379366200806
71.9411685681633 313.250484599304 62.4754036324008
73.1941705065607 313.250484599304 62.5137195725409
74.447172444958 313.250484599304 62.5528710053956
75.7001743833553 313.250484599304 62.5926891063488
76.9531763217527 313.250484599304 62.6328037045243
78.20617826015 313.250484599304 62.6726514822914
79.4591801985474 313.250484599304 62.7116114439821
80.7121821369447 313.250484599304 62.7491289643181
81.9651840753421 313.250484599304 62.7847436365984
83.2181860137394 313.250484599304 62.8181041841377
84.4711879521368 313.250484599304 62.8489697657381
85.7241898905341 313.250484599304 62.8771916664821
86.9771918289315 313.250484599304 62.9026738679278
88.2301937673288 313.250484599304 62.9253569692824
89.4831957057262 313.250484599304 62.945211021502
90.7361976441235 313.250484599304 62.9623657546404
91.9891995825209 313.250484599304 62.9866225659613
93.2422015209182 313.250484599304 63.0079516689141
94.4952034593155 313.250484599304 63.0262620041566
95.7482053977129 313.250484599304 63.0414193051973
97.0012073361102 313.250484599304 63.0532445536671
98.2542092745076 313.250484599304 63.0615360501225
99.5072112129049 313.250484599304 63.0661243494328
100.760213151302 313.250484599304 63.066898985184
