# Fix print output for fix writeZ
66.843 -537.894048846143 62.0685
64.6914258272327 -537.855800203442 62.0911102865177
62.5744642300029 -506.014821311101 62.1132750176192
60.6932658004488 -406.310133030701 62.134818189602
59.0752244031544 -402.314726381867 62.1555645751895
58.0503125870265 188.464337104787 62.1753600093787
59.0782193262532 257.493626510341 62.1968658599262
59.9596898301667 167.823068462426 62.2197050571543
60.758317546386 194.911842708432 62.2443728951247
61.4895821756635 182.791078733967 62.2713044797146
61.4904544522073 -103.677640961382 62.300672406999
61.7556006212818 172.984182894988 62.3323677110696
62.4859407289053 202.793594720107 62.3660814408309
63.4210210743798 259.064780429251 62.4014035324199
64.5065174475526 279.603179371383 62.4379366200806
65.6331081363672 282.106601507879 62.4754036324008
66.7615345423988 282.106601507879 62.5137195725409
67.8899609484305 282.106601507879 62.5528710053956
69.0183873544621 282.106601507879 62.5926891063488
70.1468137604937 282.106601507879 62.6328037045243
71.2752401665253 282.106601507879 62.6726514822914
72.4036665725569 282.106601507879 62.7116114439821
73.5320929785886 282.106601507879 62.7491289643181
74.6605193846202 282.106601507879 62.7847436365984
75.7889457906518 282.106601507879 62.8181041841377
76.9173721966834 282.106601507879 62.8489697657381
78.0457986027151 282.106601507879 62.8771916664821
79.1742250087467 282.106601507879 62.9026738679278
80.3026514147783 282.106601507879 62.9253569692824
81.4310778208099 282.106601507879 62.945211021502
82.5595042268415 282.106601507879 62.9623657546401
83.6879306328732 282.106601507879 62.9866225659606
84.8163570389048 282.106601507879 63.0079516689129
85.9447834449364 282.106601507879 63.0262620041543
87.073209850968 282.106601507879 63.0414193051933
88.2016362569996 282.106601507879 63.0532445536605
89.3300626630313 282.106601507879 63.0615360501117
90.4584890690629 282.106601507879 63.0661243494158
91.5869154750945 282.106601507879 63.0668989851574
92.7153418811261 282.106601507879 63.0638649940616
93.8437682871578 282.106601507879 63.0617576882293
94.9721946931894 282.106601507879 63.0625132345708
96.100621099221 282.106601507879 63.0606325021661
97.2290475052526 282.106601507879 63.0562903495249
98.3574739112842 282.106601507879 63.0524159039783
99.4859003173159 282.106601507879 63.0509818396806
100.614326723347 282.106601507879 63.0483166192894
