# Fix print output for fix writeZ
66.843 -537.894048846143 62.0685
64.6914238050506 -537.88252981715 62.0911102865177
62.5638812028935 -516.202400800434 62.1132750230551
61.0048347991497 -90.9362370711094 62.1348184258525
60.9092077101128 113.224330854871 62.1555615209208
61.7919123254441 174.310919226135 62.1753250819749
62.5131409518303 204.401209581928 62.1968658599262
63.4929952022118 314.530584695824 62.2197050571543
64.887690442293 357.92261203773 62.2443728951247
66.3195988963518 357.978088753032 62.2713044797146
67.7515112513639 357.978088753032 62.300672406999
69.1834236063759 357.978088753032 62.3323677110696
70.615335961388 357.978088753032 62.3660814408309
72.0472483164 357.978088753032 62.4014035324199
73.4791606714121 357.978088753032 62.4379366200806
74.9110730264241 357.978088753032 62.4754036324008
76.3429853814362 357.978088753032 62.5137195725409
77.7748977364483 357.978088753032 62.5528710053956
79.2068100914603 357.978088753032 62.5926891063488
80.6387224464724 357.978088753032 62.6328037045243
82.0706348014844 357.978088753032 62.6726514822914
83.5025471564965 357.978088753032 62.7116114439821
84.9344595115086 357.978088753032 62.7491289643181
86.3663718665206 357.978088753032 62.7847436365984
87.7982842215327 357.978088753032 62.8181041841378
89.2301965765447 357.978088753032 62.8489697657382
90.6621089315568 357.978088753032 62.8771916664823
92.0940212865689 357.978088753032 62.9026738679282
93.5259336415809 357.978088753032 62.9253569692832
94.957845996593 357.978088753032 62.9452110215035
96.389758351605 357.978088753032 62.9623657546401
97.8216707066171 357.978088753032 62.9866225659606
99.2535830616292 357.978088753032 63.0079516689128
100.685495416641 357.978088753032 63.0262620041542
