# Fix print output for fix writeZ
66.843 -537.894048846143 62.0685
64.6914753890862 -537.591326461043 62.0911102865177
62.6092595581872 -469.554567317108 62.1132750230551
61.0437959728324 -169.559674471446 62.1348184258525
60.8250419409067 -77.0731231680507 62.1555615209208
60.471315613145 -85.696675120902 62.1753250819749
60.1920313473563 -43.7447231707849 62.1968658599262
59.4953515563771 -270.29787473884 62.2197050571543
58.4875751383544 -204.344529209511 62.2443728951247
58.9394776788301 275.22487272253 62.2713044797146
60.2938027431506 397.567367655363 62.300672406999
61.8525467192 386.370869133326 62.3323677110696
63.4821356682007 428.042875348357 62.3660814408309
65.2138062140005 434.506028832895 62.4014035324199
66.9518303293321 434.506028832895 62.4379366200806
68.6898544446637 434.506028832895 62.4754036324008
70.4278785599953 434.506028832895 62.5137195725409
72.1659026753269 434.506028832895 62.5528710053956
73.9039267906585 434.506028832895 62.5926891063488
75.6419509059901 434.506028832895 62.6328037045243
77.3799750213217 434.506028832895 62.6726514822914
79.1179991366533 434.506028832895 62.7116114439822
80.8560232519849 434.506028832895 62.7491289643182
82.5940473673164 434.506028832895 62.7847436365986
84.332071482648 434.506028832895 62.818104184138
86.0700955979796 434.506028832895 62.8489697657386
87.8081197133112 434.506028832895 62.8771916664831
89.5461438286428 434.506028832895 62.9026738679296
91.2841679439744 434.506028832895 62.9253569692856
93.022192059306 434.506028832895 62.9452110215085
94.7602161746376 434.506028832895 62.9623657546402
96.4982402899692 434.506028832895 62.9866225659609
98.2362644053008 434.506028832895 63.0079516689133
99.9742885206324 434.506028832895 63.0262620041552
101.712312635964 434.506028832895 63.041419305195
