# Fix print output for fix writeZ
66.843 -537.894048846143 62.0685
64.6915042409369 -537.485190880931 62.0911102865177
62.6334875315632 -437.809855756038 62.1132750230551
61.0825485926357 -389.736741702653 62.1348184258525
59.7614721566655 66.1528371305712 62.1555615209208
61.1600945583384 273.880299802193 62.175325081975
61.7653361124078 122.106594225072 62.1968658599262
62.0084727421913 58.1869478526024 62.2197050571543
62.451509189027 164.725330641898 62.2443728951247
63.4909368981942 400.374222745216 62.2713044797146
65.2077743300832 435.447634905488 62.300672406999
66.9495648697053 435.447634905488 62.3323677110696
68.6913554093273 435.447634905488 62.3660814408309
70.4331459489494 435.447634905488 62.4014035324199
72.1749364885714 435.447634905488 62.4379366200806
73.9167270281935 435.447634905488 62.4754036324008
75.6585175678156 435.447634905488 62.5137195725409
77.4003081074376 435.447634905488 62.5528710053956
79.1420986470597 435.447634905488 62.5926891063488
80.8838891866817 435.447634905488 62.6328037045243
82.6256797263038 435.447634905488 62.6726514822914
84.3674702659258 435.447634905488 62.7116114439821
86.1092608055479 435.447634905488 62.7491289643181
87.85105134517 435.447634905488 62.7847436365984
89.592841884792 435.447634905488 62.8181041841377
91.3346324244141 435.447634905488 62.8489697657381
93.0764229640361 435.447634905488 62.8771916664821
94.8182135036582 435.447634905488 62.9026738679278
96.5600040432803 435.447634905488 62.9253569692824
98.3017945829023 435.447634905488 62.945211021502
100.043585122524 435.447634905488 62.9623657546401
