# Fix print output for fix writeZ
66.843 -537.894048846143 62.0685
64.6914372572114 -537.772147203039 62.0911102865177
62.585318216716 -495.879826824263 62.1132750231926
60.7081579386927 -431.47294211059 62.1348184329673
59.0352589863981 -380.163144377894 62.155561583573
57.944988891864 102.454477659663 62.1753253398739
58.7427271621386 198.042463291278 62.1968658599262
59.2588830769014 -32.2156259277102 62.2197050571543
58.9853170402044 -89.5137488432353 62.2443728951247
58.590437468825 -78.8408143246856 62.2713044797146
58.2192868037318 -12.4262594023218 62.300672406999
59.3996360643007 356.731259315319 62.3323677110696
60.2307638248115 176.971524657061 62.3660814408309
60.9332364518812 146.452646373984 62.4014035324199
61.5812841543052 135.137737722583 62.4379366200806
61.9951904416675 84.4823863953463 62.4754036324008
62.3859961842161 125.671917741415 62.5137195725409
63.0577307729157 272.428347541706 62.5528710053956
64.5070354889747 391.369799546513 62.5926891063488
66.0771113618943 392.648337799773 62.6328037045243
67.6477047130932 392.648337799773 62.6726514822914
69.2182980642922 392.648337799773 62.7116114439821
70.7888914154912 392.648337799773 62.7491289643181
72.3594847666901 392.648337799773 62.7847436365984
73.9300781178891 392.648337799773 62.8181041841377
75.5006714690881 392.648337799773 62.8489697657381
77.071264820287 392.648337799773 62.8771916664821
78.641858171486 392.648337799773 62.9026738679278
80.212451522685 392.648337799773 62.9253569692824
81.7830448738839 392.648337799773 62.945211021502
83.3536382250829 392.648337799773 62.962365754641
84.9242315762819 392.648337799773 62.9866225659627
86.4948249274808 392.648337799773 63.0079516689173
88.0654182786798 392.648337799773 63.026262004163
89.6360116298788 392.648337799773 63.0414193052096
91.2066049810777 392.648337799773 63.0532445536897
92.7771983322767 392.648337799773 63.0615360501626
94.3477916834756 392.648337799773 63.0661243495022
95.9183850346746 392.648337799773 63.066898985301
97.4889783858736 392.648337799773 63.0638649942957
99.0595717370725 392.648337799773 63.0617576882293
100.630165088272 392.648337799773 63.0625132345708
