# Fix print output for fix writeZ
66.843 -537.894048846143 62.0685
64.6915415376338 -537.359713070814 62.0911102865177
62.6593271878914 -402.876046667973 62.1132750230551
61.4453624189994 -186.343351687873 62.1348184258525
61.3159553231671 11.9754280716662 62.1555615209208
62.0578680973184 326.728294633657 62.1753250819749
63.6349827177072 476.766026389007 62.1968658599262
65.5864543800158 490.0889936286 62.2197050571543
67.5468103545302 490.0889936286 62.2443728951247
69.5071663290446 490.0889936286 62.2713044797146
71.467522303559 490.0889936286 62.300672406999
73.4278782780734 490.0889936286 62.3323677110696
75.3882342525878 490.0889936286 62.3660814408309
77.3485902271022 490.0889936286 62.4014035324199
79.3089462016166 490.0889936286 62.4379366200806
81.2693021761311 490.0889936286 62.4754036324008
83.2296581506455 490.0889936286 62.5137195725409
85.1900141251599 490.0889936286 62.5528710053956
87.1503700996743 490.0889936286 62.5926891063488
89.1107260741887 490.0889936286 62.6328037045243
91.0710820487031 490.0889936286 62.6726514822914
93.0314380232175 490.0889936286 62.7116114439821
94.991793997732 490.0889936286 62.7491289643181
96.9521499722464 490.0889936286 62.7847436365984
98.9125059467608 490.0889936286 62.8181041841377
100.872861921275 490.0889936286 62.8489697657381
