# Fix print output for fix writeZ
66.843 -537.894048846143 62.0685
64.691544112538 -537.351795542238 62.0911102865177
62.6615081690089 -402.037961951305 62.1132750230551
61.3578124386379 -310.107711383677 62.1348184258525
60.0436325562191 -313.894252436856 62.1555615209208
58.8009955109945 -344.308264820086 62.1753250819749
57.9723249957225 -94.4901683418561 62.1968658599262
58.1267737421396 318.783759268883 62.2197050571543
59.4806843243646 335.43740235584 62.2443728951247
59.6910152522437 -207.782815276466 62.2713044797146
59.0956416024244 -110.437334798585 62.300672406999
58.5946053687157 -94.9655782912196 62.3323677110696
58.1207600004625 -184.17867813983 62.3660814408309
58.1958282998926 259.590116986246 62.4014035324199
59.0930236426148 197.519987743897 62.4379366200806
59.9979803159165 266.237391321664 62.4754036324008
61.0597053866803 200.867063697082 62.5137195725409
61.1518850470114 -5.44793361420341 62.5528710053956
61.979546240549 318.160706429924 62.5926891063488
63.3508597109465 370.97947587282 62.6328037045243
64.8702349466496 383.889801943382 62.6726514822914
66.4058750479054 383.910244098237 62.7116114439821
67.9415160242984 383.910244098237 62.7491289643181
69.4771570006915 383.910244098237 62.7847436365984
71.0127979770845 383.910244098237 62.8181041841377
72.5484389534775 383.910244098237 62.8489697657381
74.0840799298706 383.910244098237 62.8771916664821
75.6197209062636 383.910244098237 62.9026738679278
77.1553618826567 383.910244098237 62.9253569692824
78.6910028590497 383.910244098237 62.9452110215022
80.2266438354427 383.910244098237 62.9623657546645
81.7622848118358 383.910244098237 62.9866225660089
83.2979257882288 383.910244098237 63.007951669004
84.8335667646219 383.910244098237 63.0262620043192
86.3692077410149 383.910244098237 63.0414193054804
87.9048487174079 383.910244098237 63.0532445541436
89.440489693801 383.910244098237 63.0615360509009
90.976130670194 383.910244098237 63.0661243506724
92.5117716465871 383.910244098237 63.0668989871119
94.0474126229801 383.910244098237 63.0638649970344
95.5830535993731 383.910244098237 63.0617576882293
97.1186945757662 383.910244098237 63.0625132345708
98.6543355521592 383.910244098237 63.0606325021661
100.189976528552 383.910244098237 63.0562903495249
