# Fix print output for fix writeZ
66.843 -537.894048846143 62.0685
64.6914238045819 -537.888185087438 62.0911102865177
62.563447306904 -517.400940497993 62.1132750230551
60.8440758440191 -231.862111996389 62.1348184258525
59.9820997071645 -303.597076865861 62.1555615209208
58.5989295165935 -323.668071674761 62.1753250819749
57.9967480724142 24.1026283682921 62.1968658599262
57.4663540134334 -262.766332953015 62.2197050571543
56.3637172938575 -322.046107919543 62.2443728951247
55.0237501763023 -359.017486128337 62.2713044797146
54.1059099877212 -151.045936974086 62.300672406999
53.1354911430401 -385.650618632174 62.3323677110696
51.5610109481375 -385.398628974389 62.3660814408309
50.0742209034014 -368.142335610611 62.4014035324199
48.6010222004582 -344.539052015142 62.4379366200806
48.2435347263385 62.919261372667 62.4754036324008
48.816496256782 300.483359116066 62.5137195725409
50.0490027864645 239.414929186401 62.5528710053956
50.8874308035552 203.366766446277 62.5926891063488
51.6092114360067 140.898403969194 62.6328037045244
52.245591157182 224.773546593969 62.6726514822915
53.0701247780956 128.544966443148 62.7116114439824
53.7516876774255 287.942123661277 62.7491289643188
54.8679111210512 174.690659474631 62.7847436366
55.2777932298509 90.7296886126122 62.8181041841412
55.4433353987781 12.7304176965591 62.8489697657458
55.5919079194257 51.8453313897277 62.8771916664982
55.8076256661871 68.8782360254641 62.9026738679599
56.0002159614645 -18.4403779733684 62.9253569693435
55.6635340185411 -107.218918494127 62.9452110216127
55.154430885708 -135.868266777044 62.9623657546401
54.58282401805 -174.248066037674 62.9866225659606
53.7952497872128 -182.355156372278 63.0079516689128
53.175748990453 -146.324763450433 63.0262620041542
52.695695817528 -58.1464658637929 63.0414193051932
52.5840851894862 -1.06020370294902 63.0532445536603
52.8701667149804 109.131144515757 63.0615360501115
52.9575450185291 -92.3047936450752 63.0661243494154
52.4597040939198 -125.8137451936 63.0668989851568
52.0353350922304 -75.898093483375 63.0638649940605
51.8113536249446 -67.9734306897677 63.0617576882294
51.3271388040081 -160.465080288378 63.062513234571
50.6718786421046 -148.118019995135 63.0606325021664
50.1959492438367 -89.6329676311812 63.0562903495253
49.9004214891803 -70.5148185589373 63.0524159038888
49.6067097048906 -67.2180410008776 63.0509818395391
49.4033295436261 -40.5862982531172 63.0483166190697
49.2560108001507 -32.3780943021348 63.053236427297
49.1406837644961 -24.0338750475994 63.0801662322301
49.1248837229454 22.5253411873485 63.104676402742
49.3170411500565 70.1640537916642 63.1270019348453
49.6344865452906 71.8525364621117 63.1473899670349
49.7452399339224 -26.6202221335426 63.1660680102649
49.4782295990641 -88.3450557157148 63.183227096148
49.1614761820258 -68.1389572742409 63.1990219299015
48.9139133814443 -56.1892839284471 63.2135703378228
48.7746954300665 -0.865473804007061 63.2269608595237
48.9593422984146 90.0476154618193 63.239258013524
49.4015606556018 116.238956764383 63.2505075886952
49.8316035682168 97.3318718115691 63.2607406982713
50.1931215145278 85.1371404121273 63.2699767796802
50.5054003469391 65.9560494528463 63.2782258537603
50.6860570179257 23.5849652206872 63.2854902527891
50.7070375546213 -11.2234986561449 63.2917660239002
50.5935834698147 -46.5141474802767 63.2970452887677
50.3380211475262 -79.9418945719829 63.3013191007905
49.9895434426167 -87.4349570282059 63.3045781962688
49.6723372741527 -71.721966274478 63.3068130041116
49.3959613989133 -67.5331291064271 63.3080130029833
49.1312950050726 -66.5164839373184 63.3081656806486
48.8339358425056 -83.5450458495819 63.3072549909997
48.5257283119229 -57.8071558540815 63.3052589731026
48.4283492581121 9.8730056934736 63.302146459839
48.5958225991734 70.5201873106754 63.2978725103622
48.9513247801505 101.272375845268 63.2923720521389
49.3742716344842 110.140570809881 63.2855514503002
49.8287003165569 118.22279418252 63.2772776119935
50.3158257457133 120.038868620509 63.2673640508519
50.7534303548107 98.2642938924417 63.2555530861022
51.0895059592655 63.6458956427747 63.2414929123177
51.2315878219428 4.71653905647319 63.2247320274386
51.1245134283516 -54.2350617964634 63.2048177419358
50.8616111164406 -70.5765444594248 63.1993288941135
50.5656379286393 -74.5693909259709 63.2262699522094
50.332302140198 -34.8535193418489 63.2495118154824
50.2878666689658 6.72230891210721 63.2689496454061
50.3319300053919 13.7414825960121 63.2844973610182
50.4521662970626 53.5477352358715 63.2960854126078
50.7872882085961 110.06734308687 63.303669175466
51.1942565237467 76.413532570915 63.3072425397835
51.3766948096158 21.4582285235037 63.3068556351847
51.4397212489096 16.2630166577864 63.3026349609932
51.4536844749194 -19.2265000886985 63.2947830602412
51.2699425838748 -67.8695765453141 63.2835387198252
50.9649729475906 -79.3925529630487 63.2691560013387
50.6510536535055 -73.1390521704232 63.251892714607
50.4667892541204 -11.1997348249571 63.2320002232004
50.5647422730566 55.3207299840092 63.2097146000802
50.8539405415808 82.6534053912816 63.1935465259482
51.1929142624945 83.1853190481443 63.1921140290286
51.4999631612924 70.3961793591022 63.193732053834
51.7625735043033 61.3445675550011 63.1932154123208
51.9848243255908 48.2658419716604 63.1901871405646
52.1242626012365 18.3355475556174 63.1846963097945
52.1242117629012 -16.9836027395469 63.1768132089941
52.0031109906362 -43.7392039205621 63.1666239114628
51.7620292369725 -75.8687853102757 63.1542261040078
51.4602557603556 -63.8226544799061 63.139724762174
51.2867345386683 -24.6504700598205 63.1468939590617
51.2291789243861 -7.34891325840588 63.1542523454235
51.2495214927689 21.8172732292606 63.1587379495735
51.404848800123 48.9224382927008 63.1603988173024
51.5555906284317 18.5632476749202 63.1593037712122
51.5583893281497 -9.52447108677968 63.1579659523381
51.5635031860861 18.3749053002035 63.1587154449196
51.7024612327692 42.8162366649757 63.1570737145666
51.8248657472553 13.5642883475948 63.1548591843148
51.8218218742534 -9.93370554963504 63.15789847963
51.787522816278 -5.04483773979286 63.1590494433381
51.7677106995634 -7.40621444876204 63.1583227374942
51.7319693248306 -6.12329637127345 63.1557493125263
51.7642400796321 25.9731636739013 63.1513819787071
51.9172053268626 42.539644712463 63.1452969214385
52.0649797064435 29.8240517329629 63.1559520618154
52.1794342684768 34.4070908723243 63.1735728921136
52.3649772779618 51.9047245554786 63.1885549950206
52.5189975173515 18.8713805982107 63.2008474595661
52.5274051312152 -8.59849927729383 63.2104277853909
52.4795687632844 -14.9284614455921 63.2173027621826
52.4024135366008 -23.9194221154786 63.2215079170764
52.2915661510843 -31.3208231582889 63.2231055189206
52.1488054288605 -39.3109871999772 63.2221812401335
52.0186012285286 -17.4266424541754 63.2325610095485
52.028069747564 17.2151352946618 63.2426377609669
52.1113818852741 22.2077838652176 63.2514844423282
52.2212327477837 35.3588685367626 63.2591066873006
52.3813501655705 40.0082826327216 63.265524531857
52.5262089942283 33.1653402959494 63.2707718336649
52.6169984085153 3.63131723049008 63.2748965423098
52.522083176387 -45.2422741932983 63.2779607221815
52.3597105062804 -22.4086640064223 63.2800434996574
52.3823573824597 29.6597336896754 63.2812373227207
52.5414685400423 41.5727336033548 63.2816395804439
52.6293414279791 -7.90691347437734 63.2813435812341
52.4774841315177 -54.5245217888939 63.2804297509323
52.3344539793203 -5.4760533263211 63.2789579022472
52.434371701766 49.5262691044287 63.2769613536261
52.6487729491604 42.0483868774143 63.2744435142474
52.6876625045877 -21.0461750262736 63.2713773015109
52.537957698803 -47.1907113566026 63.2677074441517
52.3688989313274 -25.8868643717213 63.2633554043066
52.3754311582766 25.6073295472723 63.2582263666273
52.5323400671693 46.5892736440875 63.2522175482874
52.6540449689427 1.94509289939378 63.2452269566692
52.5408028326554 -46.5850072478824 63.2371614551964
52.3972406736145 -13.2451031635051 63.22794337902
52.4795856380764 50.6899127129369 63.2175109127361
52.6907397798475 37.6775414327498 63.205817267791
52.7293540989072 -14.7107198253112 63.1928376226179
52.6027444795459 -43.3519027837443 63.1785738106969
52.4719334744619 -11.0521019992215 63.1630564028917
52.5451964915627 45.7339255217016 63.1463456814988
52.7624280696956 47.2632247532463 63.1285316560985
52.827083872266 -18.5549713172883 63.1151329696317
52.6616838634068 -50.4666460710471 63.1147562167355
52.5300158040737 -7.64579424952988 63.1145096402925
52.6208742487559 51.2427300347532 63.1143211882363
52.8524712020902 46.4110912272668 63.1167570692507
52.8940510837928 -27.5067323485474 63.1184142496564
52.6981177286066 -54.4622590264833 63.1188190906842
52.5589023429249 -11.1128975353803 63.1180282537405
52.6129811710476 36.7280050639192 63.116117720031
52.8165641941321 56.3727199118007 63.1199965091313
52.9889550504844 22.7663430009536 63.1700399275412
52.9658894564079 -33.7818257154078 63.218777288753
52.7713186785978 -52.1738507768846 63.2661070577463
52.6169449334474 -20.85477569363 63.3119185517671
52.6134174564698 18.4171172677414 63.3560942032161
52.7500324226625 46.3531197295245 63.3985142227143
52.9447222899683 44.9830670551017 63.4390535626324
53.0508141172253 2.9317720749962 63.4775776329013
52.9725427694331 -36.1662377198908 63.5139453050076
52.8142482431053 -39.6189242979888 63.548015629771
52.6687888071085 -32.0751230866817 63.5796554537054
52.5599912321617 -23.0214953497926 63.6087469248401
52.4789733064001 -17.6456858156228 63.635194025084
52.4212512683216 -10.4990251498953 63.6589283190015
52.4018451828117 1.57932322650835 63.6799124495685
52.4376122873445 16.3635765934088 63.6981376091083
52.5293023137268 28.6623077980949 63.7184998329296
52.6620150180952 37.5503509411361 63.7375645583337
52.830041391285 45.8651243773302 63.753492618971
53.0204699599804 47.9640019033189 63.7661564197654
53.2003166544993 38.9981139492248 63.7754397296036
53.2949168009694 4.73306274703885 63.781242598641
53.2387372770172 -29.0840983741096 63.7834896672046
53.1010587191315 -36.296049328414 63.78214509689
52.9650673200734 -30.2492926914981 63.7772178824968
52.8641665139904 -20.1707804838801 63.7687595754232
52.8033081250491 -10.062119655735 63.7576197704153
52.7878057988138 3.13263218990922 63.7555767720753
52.8320604076476 18.4622162846555 63.7509828311086
52.9258927238459 27.2759846624156 63.7450557076223
53.0416868569514 29.6885057435583 63.761267629238
53.1590709720355 29.2505705472624 63.7748558900147
53.2833051689154 33.6658826191434 63.7858658322897
53.4255949089574 35.4287073698559 63.7943630996235
53.5460674561584 23.0233311564987 63.8004378536926
53.6018658236939 4.37300355771166 63.8042017001244
53.5842530752565 -11.2049456133825 63.8057794235299
53.5482789127575 -1.79403330032214 63.805303353767
53.586660266953 19.3530389548029 63.8029089115448
53.6508829877304 3.40920958198644 63.7987305068053
53.569686977394 -44.4685142276555 63.792897921534
53.3333326060361 -64.678828926492 63.7855331940718
53.103469836493 -48.2541662200121 63.7767483112235
52.954437564758 -26.2990742566328 63.7666460668223
52.889636941075 -6.42848154761293 63.7553205304177
52.9034890459382 13.5843978911311 63.7428555663677
52.9883001480276 23.7299063193287 63.729325520479
53.0263491129594 -9.8848565295447 63.7147970880557
52.9273700043679 -33.1983079114223 63.70319201627
52.8015133372213 -26.4471745478128 63.7132313165225
52.7370708210614 -3.7226134684959 63.7212031422303
52.7714226047193 18.4533923672854 63.7270189353631
52.854060770782 17.8288707772956 63.7306244144089
52.870814188779 -14.019678870536 63.7320021934783
52.735793720298 -48.1309507362014 63.7311744783796
52.5674263364211 -28.738578074803 63.7282055823113
52.5153974519135 1.61475859025863 63.7231960879134
52.5760964445947 28.1353471861596 63.7162727496245
52.720775183049 39.6615041485764 63.7075876508794
52.8357600314729 8.79891630942606 63.6973156847681
52.7457783748398 -53.046186471824 63.6856477573928
52.4799089249115 -63.9253211551253 63.6727825448651
52.3332732898489 -3.64409030065501 63.6589174429433
52.4502332541823 55.8472686112562 63.6734280572463
52.6972938100959 59.2653957460395 63.7034466673407
52.8892396974199 34.8874570538433 63.7330469095871
52.954003858142 -5.04452404462913 63.7621123805277
52.853463587916 -41.3584096633232 63.7904942656786
52.6616238525566 -52.0967262622035 63.8180099661618
52.4482797507491 -52.6600866126212 63.8444434630706
52.280427709053 -22.2591335999686 63.8695521605614
52.3084847704087 34.4626845207688 63.8931296995151
52.5048784063747 57.2078879323188 63.9150694783795
52.7426827902455 56.8989900888298 63.935356785032
52.8890598163435 9.08478657100067 63.9540533540398
52.8116497926947 -41.7381548949718 63.9712834491431
52.6206289342339 -48.9895602505521 63.9872242097107
52.4339225532213 -43.7875200183861 64.0021025786695
52.2742044477296 -35.7414515458235 64.0161944921029
52.1570592750964 -19.7799558457402 64.029765889829
52.1428013366531 14.3422761184904 64.0430018090755
52.2611379600158 40.7844360235408 64.055990769769
52.4475739466 52.1111788885832 64.0687116666094
52.6746291041565 60.373910339457 64.0810194657908
52.9085538183192 47.9501458897165 64.0926540375336
52.9711239819019 -22.5030571815286 64.1033377226056
52.7497692763404 -77.8008381232968 64.1128291558967
52.4385018305176 -69.2590540709501 64.1209244796112
52.2773895400779 -4.55236558438355 64.1274555702282
52.3995511355582 59.2748615871453 64.1322869355384
52.6880928954982 79.7580700622934 64.1353119751787
52.9798484554517 51.7283108106125 64.1364489565128
53.0183848090868 -34.9026171657799 64.1356349787967
52.7529336450702 -83.9809091052644 64.1328223576032
52.4333740273133 -70.2301789636209 64.1279791501391
52.2334277088202 -27.4619186702115 64.1210897167092
52.1952588563844 3.0672166525081 64.1121547041406
52.2179739662878 5.96923280670357 64.1011903677769
52.2499781714143 12.4698259257092 64.0882273131394
52.3347954836793 30.9879518190635 64.0733102505894
52.4950473372891 48.0102770429468 64.056496313281
52.7107688583294 58.9141380393683 64.0378520810299
52.9589646208308 63.383137423534 64.0174529711987
53.1660327568821 28.510229566075 63.995385114912
53.1320984292261 -44.3991884835746 63.971751149057
52.8808500567247 -68.9256677719857 63.9466745412713
52.6622279130085 -30.2675595535918 63.9203043420954
52.6764884364297 35.3372048522139 63.8928171173859
52.8911472085019 64.2651855867952 63.8644161151008
53.1598883314304 65.5350292723861 63.8353288497411
53.3392886692261 15.3903533958659 63.8058030391923
53.2639661008014 -48.0866746886055 63.7960175253735
53.0346005229981 -56.6501676869328 63.7861770260106
52.8414540373746 -38.6582879962627 63.7732965557876
52.7524132887255 -2.42529089876895 63.7573693285458
52.8184322184729 30.9149290655442 63.7384129915344
52.9610870333837 37.9725865619831 63.71646524245
53.1139448412533 37.6746987067621 63.6915812073268
53.2414150987075 21.1883259667881 63.6638331591167
53.244217532926 -22.2071909126557 63.6333129014156
53.0873756377551 -48.7160824000435 63.6001368482223
52.9011808248587 -42.3353228252131 63.5644541426755
52.7574430869647 -26.6242105232672 63.5264660433051
52.7259087678364 13.52842477077 63.4864409681143
52.8491744311473 42.3343104421892 63.4446951552837
53.0290049828713 45.2906735242764 63.4015803143991
53.184687952321 28.2630349622223 63.3574728219276
53.2210953178019 -13.3910307623307 63.312760858848
