# Fix print output for fix writeZ
66.843 -537.894048846143 62.0685
64.6915202993168 -537.430583063908 62.0911102865177
62.6377563260633 -435.334724294491 62.1132750230551
61.3261435855778 -20.6604656389439 62.1348184258525
62.2453240451605 274.547039099693 62.1555615209208
63.517040876502 351.845377766601 62.1753250819749
64.952265072983 361.072076825032 62.1968658599262
66.3965533802832 361.072076825032 62.2197050571543
67.8408416875834 361.072076825032 62.2443728951247
69.2851299948836 361.072076825032 62.2713044797146
70.7294183021838 361.072076825032 62.300672406999
72.173706609484 361.072076825032 62.3323677110696
73.6179949167843 361.072076825032 62.3660814408309
75.0622832240845 361.072076825032 62.4014035324199
76.5065715313847 361.072076825032 62.4379366200806
77.9508598386849 361.072076825032 62.4754036324008
79.3951481459851 361.072076825032 62.5137195725409
80.8394364532853 361.072076825032 62.5528710053956
82.2837247605855 361.072076825032 62.5926891063488
83.7280130678857 361.072076825032 62.6328037045243
85.172301375186 361.072076825032 62.6726514822914
86.6165896824862 361.072076825032 62.7116114439821
88.0608779897864 361.072076825032 62.7491289643181
89.5051662970866 361.072076825032 62.7847436365984
90.9494546043868 361.072076825032 62.8181041841378
92.393742911687 361.072076825032 62.8489697657382
93.8380312189872 361.072076825032 62.8771916664824
95.2823195262874 361.072076825032 62.9026738679284
96.7266078335877 361.072076825032 62.9253569692834
98.1708961408879 361.072076825032 62.945211021504
99.6151844481881 361.072076825032 62.9623657546401
101.059472755488 361.072076825032 62.9866225659606
