# Fix print output for fix writeZ
66.843 -537.894048846143 62.0685
64.6914278737591 -537.837260381943 62.0911102865177
62.5729023650428 -506.790846916681 62.1132750230551
60.993830364246 -129.045424567412 62.1348184258525
60.7356643113834 55.238507311981 62.1555615209209
61.1642265175559 24.8455352376831 62.1753250819759
61.1814353582497 13.2977594112286 62.1968658599262
60.455040080155 -307.955089207248 62.2197050571543
59.3633337242679 -286.408816517113 62.2443728951247
58.2157985337155 -244.10343030333 62.2713044797146
57.3324013076472 -217.823861645594 62.300672406999
56.5229396313207 -128.54856540182 62.3323677110696
55.8803045408148 -272.379069821364 62.3660814408309
54.8135169266315 -247.854720004698 62.4014035324199
53.6386743233856 -294.110743059323 62.4379366200806
52.6682193878239 -220.937623827307 62.4754036324008
51.6436415751054 -324.467196635734 62.5137195725409
50.3605623649968 -330.461178367658 62.5528710053956
49.2075676793982 -249.133008520588 62.5926891063488
48.7373846904408 197.642543829703 62.6328037045243
49.872634684204 286.844639945219 62.6726514822914
50.999359060434 275.11383511651 62.7116114439821
52.0259120638538 132.924835537764 62.7491289643181
52.3288300058475 106.702921714794 62.7847436365984
52.7857343086015 108.010789216701 62.8181041841377
53.6356361533607 297.984213167772 62.8489697657381
54.839134582203 300.263432084778 62.8771916664821
56.0433066907214 292.920192660037 62.9026738679278
56.8208366088129 79.9065723146263 62.9253569692824
57.2328503918541 133.168110464428 62.945211021502
57.7483932805412 113.348642028656 62.9623657546515
58.3627630543489 243.169487523769 62.9866225659824
59.4040964336699 209.726860240334 63.0079516689525
59.7544281743957 29.2745599000933 63.026262004223
59.7648162369698 -106.094973346787 63.0414193053079
58.8736802056011 -259.457378608118 63.0532445538452
57.8410894016693 -255.195685469014 63.0615360504015
56.8864006585974 -235.076200875555 63.0661243498608
55.9304720994107 -229.33975909586 63.0668989858299
55.0200139313153 -223.074923077464 63.0638649950647
54.3006943199013 -149.382088551263 63.0617576882293
53.6863792677094 -164.89627617809 63.0625132345708
53.0044791215071 -143.612936467359 63.0606325021661
52.5566513638824 -103.422202629098 63.0562903495249
52.2299930966427 -53.4302127127025 63.0524250757314
52.1682166531209 32.9788544549174 63.0509936186819
52.4528197449721 93.7188132480282 63.048331718318
52.8880071960115 128.381255461306 63.0532364275137
53.4913797473875 177.217184300639 63.0801662324753
54.2760896547176 188.854511056594 63.1046764029827
54.6299863647995 -43.0548877472533 63.1270019350282
54.2347091765406 -118.559809877853 63.1473899670831
53.7488672380485 -125.361080357275 63.1660680100909
53.3331434423869 -52.1776732981176 63.1832270956579
53.4748336423162 93.681851693491 63.1990219289958
53.8425612416032 79.234343701082 63.213570336397
54.1446376280483 77.8487018529746 63.2269608574667
54.4372169004972 47.1284226003219 63.2392580107175
54.2940190660468 -126.455318434764 63.2505075850181
53.7279309935123 -98.9462936045683 63.2607406936116
53.7782672494538 106.779900428666 63.2699767739582
54.2956512780029 121.915548355873 63.278225846962
54.6746529058065 64.4020364936477 63.2854902450024
54.8191994874703 16.1525676749055 63.2917660153434
54.8534733037728 0.541823787410929 63.2970452797589
54.7673207834094 -47.8275327607412 63.3013190917194
54.5240080020357 -61.5272971159103 63.3045781875875
54.3437912678742 -28.9649793832834 63.3068129963212
54.2638721736649 -16.5311221280837 63.3080129966308
54.1688091940476 -34.0396473779217 63.3081656763481
54.0064669955716 -42.5854759748759 63.3072549894915
53.8474079858647 -36.3682418369146 63.3052589753637
53.7039714128396 -37.3115967914677 63.3021464672492
53.5467356455765 -38.5853144902922 63.2978725249641
53.4400785319503 -9.53389156956908 63.2923720770152
53.4880021769149 31.2665682823341 63.2855514901004
53.6335495115575 35.3695851571664 63.2772776736627
53.7796864761715 43.2333542729318 63.2673641446355
53.9978139804595 62.2205910976612 63.2555532269301
54.2416731321937 54.6025863323097 63.2414931216622
54.406345207226 30.0028575776047 63.2247323317388
54.5304516581303 34.7295590923617 63.2048181656037
54.6442667279664 8.15021778721513 63.1813881370472
54.5006867467393 -83.6876664956963 63.1830705363245
54.0510360132852 -120.033591207301 63.2047523280971
53.6509503042163 -79.4859949146989 63.2228268625813
53.3958974725507 -45.2490347477935 63.2372263671366
53.3767520113205 45.4469433755504 63.2479114393756
53.7389560750273 123.017996387211 63.2548755220904
54.2482806261099 114.283256682698 63.2581579083917
54.5113557843863 8.55824955130434 63.2578597585761
54.3993279521957 -46.387374064899 63.2541469382987
54.2263108720251 -42.4753384919032 63.2472223777402
54.0123884498987 -59.3660737394197 63.2373061831784
53.8379245979894 -19.7612701810446 63.22462467619
53.8549143933522 20.1456500864251 63.2186797820706
53.920898901617 8.11842945688967 63.2151597327699
53.915857053975 -11.1893872795437 63.2083473393298
53.816550489062 -38.9560414596641 63.1984049418399
53.6944088888725 -2.2572842503689 63.1967296131809
53.8780689761416 81.9818178243766 63.2023181011114
54.1344053070584 18.8869601769021 63.2055503756783
53.9725624399313 -83.1647724072621 63.2064436820447
53.6807644252127 -38.5244273087614 63.2050360970662
53.7384185026723 63.5478188420202 63.2013821595535
54.0544923401147 66.9578372443097 63.195549746471
54.1386222564657 -27.9785930291409 63.196962394236
53.8885771480298 -80.0213308120137 63.2261149501972
53.6272259975625 -44.1953345136586 63.2526802297539
53.5333212996979 -6.33151885543618 63.2764646090603
53.5575969712265 18.2297771056787 63.2972873967518
53.6674699501924 29.9421566695456 63.3149853246584
53.7452512412141 7.26677164887364 63.329417446833
53.747996351275 0.872995671116057 63.3404700307572
53.7937665382843 20.8207421083708 63.3480606126164
53.8660467814548 8.35548144388604 63.3521409535303
53.8368366727487 -21.2061521629281 63.3526987116875
53.7629942702427 -3.99264109457253 63.3497577167263
53.8309244932238 31.2255691517908 63.3433768245484
53.9460691391892 22.7119641235593 63.3336473929835
54.0173299937973 14.4137879089974 63.3206893844615
54.0488526357036 -2.51879711300333 63.3046436810022
53.9771463642543 -32.9532318301408 63.285659673303
53.8210575784609 -34.2076918594712 63.2638983565931
53.8162335811616 42.1031428166218 63.2395394197531
54.1292149040406 94.5773776537681 63.2127873214239
54.3903734465718 27.6874002686476 63.2110469456126
54.3757277624037 -27.5190521708739 63.2211769651516
54.2134382408655 -50.0125613125172 63.2285917295591
54.0476179758295 -20.8856136083293 63.233320220059
54.0918668326557 39.9193901200838 63.2354184546613
54.270338642572 32.688237334236 63.2349665363996
54.2833652216342 -23.3051119680961 63.2386855149004
54.1422613165531 -43.2630176385568 63.249244372265
53.9363865910398 -59.1777678443836 63.2585765750009
53.6897053970645 -60.3550332200345 63.2666884887556
53.4789337907096 -43.8418321794322 63.273601571674
53.3302872697747 -31.1740195616371 63.2793525277109
53.2426082369796 -9.96529543828022 63.2839920279981
53.2580926364431 16.6089700676325 63.2875853278462
53.3639517296537 36.0417270363208 63.2902132880899
53.5495068250559 55.6752869193398 63.2919657276007
53.7868809562164 59.6698624125324 63.2929328057639
54.0142564737153 54.1608942693525 63.293196239089
54.2284081897983 53.8499622547145 63.2928211488449
54.4448350336573 53.5076760262089 63.2918493229277
54.6501819810954 48.7374778322651 63.290294572259
54.8227074572279 34.1523141945321 63.2881406758446
54.8986650594156 2.52558078350026 63.2853421517181
54.851626393695 -23.2716724077786 63.2818277898193
54.7290360445152 -37.5089585410743 63.2775065752959
54.5562440271531 -47.7914653467217 63.2722753776907
54.3555365907232 -51.8198218520831 63.2660276229799
54.14211971409 -55.1653117776272 63.2586619991297
53.9139327333706 -58.6306028256474 63.2500899523686
53.6785395926325 -58.3413529360653 63.2402396697962
53.4602730351602 -48.2270557222519 63.2290537442455
53.3042737860839 -29.9600509324139 63.2164903636626
53.2152349211287 -13.631291471165 63.2025286758694
53.2112157097741 12.8937742992783 63.1871752861233
53.3127808888526 35.6334348846335 63.1704666138704
53.4821516184417 48.9266046561356 63.1524697863614
53.7005770083036 57.927133358917 63.1332826738282
53.9221924350088 50.8521159955644 63.1130329639207
54.1063442283949 41.9707279432839 63.1093668264104
54.2629061615619 37.0273903404664 63.1584985907781
54.4012996769429 29.8159524252725 63.2068179850774
54.4749772223059 4.52041760992423 63.2538614562137
54.4327978758118 -24.2262900484972 63.2991746169742
54.3050474252904 -36.2860370950375 63.3423379083119
54.1529975876865 -39.4049918730061 63.3829865067462
54.0027898817768 -33.6431455722785 63.4208113766833
53.8923172022859 -21.4916007343524 63.4555378534576
53.8293138263564 -9.44145338430496 63.4869252255409
53.8433465676921 20.1887414363924 63.5147739478155
53.9979839735634 53.6599561552455 63.53893389
54.2083219945571 43.1799939685104 63.5593069211141
54.3226467734065 15.8850435706806 63.57584152352
54.3642093868782 8.938093997771 63.5885320150654
54.4132799566222 15.0857895649815 63.5974207578238
54.4626844978016 6.37513690173861 63.6025969636579
54.4540662113875 -9.38414931271244 63.6041908247812
54.4102750011149 -9.62439784286078 63.6023662814989
54.3812656241717 -8.68878657614477 63.5973232866625
54.3021031507475 -33.5069555002262 63.5893062216748
54.1444161562042 -35.338725288906 63.5832355969368
54.0936453409028 14.8181470350712 63.611310244963
54.2476702410272 55.6875412702739 63.6367144153321
54.4956170275068 60.9647719058513 63.6593186421637
54.6434119332772 3.67121807034421 63.6789960176128
54.5059384402237 -67.0319562895257 63.6956241509122
54.2194228233668 -59.921868862339 63.7090877602578
54.0791443199888 -10.5663542382465 63.7192820171996
54.1161371293224 25.7198781531783 63.7261166906764
54.2651701505734 47.1224503395519 63.7295212848959
54.470272238704 51.8457827730951 63.7365080419336
54.6468267907831 31.326421672446 63.7467815919651
54.6903296459712 -10.5427189715754 63.7544442913191
54.5833986297806 -37.3875160979147 63.7595143110179
54.4373439976115 -30.590270679876 63.7620182498443
54.3819162917596 7.88748470016657 63.7619863877173
54.5143597096441 54.2281003579511 63.7594459937779
54.7198696347443 33.8690486193123 63.7544188012516
54.7252299057237 -30.25154517281 63.7469291392208
54.5517708949909 -40.8414337798671 63.7370128279796
54.4900063950241 13.2027928116173 63.7247423933422
54.6361488740069 52.5735660437471 63.723288460115
54.8407629598334 42.5127297645851 63.7268144848571
54.938097549181 4.77041726918314 63.7297513110163
54.897672223574 -19.8864514486064 63.73225335012
54.8167194232101 -17.9124136328979 63.734474191455
54.7672805021248 -5.74741210687947 63.7365650202534
54.7738436067945 8.75697799358931 63.7386719491908
54.8313403223188 18.9910778942459 63.7409318390247
54.9161901294104 22.1349742283082 63.7434686986257
54.9912715172088 11.9751593964334 63.7463918324807
54.9897624886412 -13.5995653064004 63.7497946052289
54.8947132156224 -30.7282194456098 63.7537539294138
54.7643487890722 -33.2810198844424 63.7583307885705
54.6352308522421 -30.5588372585357 63.7635689443842
54.5249102211515 -24.0188531299854 63.7694700590981
54.4474089581585 -14.2430752007283 63.7759542767394
54.4140990390237 -2.14020597343325 63.7828609527702
54.4310866031577 10.5586790231415 63.7899622367409
54.4965632474592 21.7705056867955 63.7969744947928
54.601024361261 29.8252481849862 63.8035666170448
54.7294297833722 33.5663059362599 63.8093638206502
54.8623064362397 31.8504389867786 63.8139512847937
54.9696936838254 18.6671599026592 63.8168937095715
54.9886660744577 -10.3520848428419 63.8257739550349
54.897166099901 -32.2156512211012 63.841317738396
54.7575273054426 -35.6582924283151 63.8548948965013
54.6213453234913 -31.4182687195785 63.8663262862109
54.5133698215153 -21.883261156306 63.8754554326635
54.4509627912258 -8.4163248923429 63.8821631854442
54.4529493200229 9.52371537808919 63.8863699501651
54.5186049647878 21.3992931321279 63.8880316845338
54.6116483144151 24.1719989423802 63.8871391882841
54.7031573162881 18.9700949687024 63.8837210280262
54.7339780387329 -6.21784234276907 63.8778474934202
54.6553865673659 -29.9333473491205 63.8696239440195
54.5341359978856 -24.6834460388767 63.8591807983888
54.4917884544253 5.47738296122751 63.8466663075049
54.5732417935605 31.67205040611 63.8322396414128
54.68593998697 15.7795495975529 63.8160643627288
54.6583967280876 -29.325572471828 63.7983025562557
54.5031122965066 -37.3106582285656 63.7791099128703
54.425397262285 1.06775882848526 63.7586323720983
54.5010973290454 33.0088770159771 63.7370060630523
54.6439079820275 31.2575431907606 63.7348054915114
54.7005379578208 -7.53015051457143 63.7533426042928
54.5783130915274 -48.6052840132321 63.7698979291337
54.4029881447404 -26.0476721558799 63.7843266772856
54.4206332621137 33.2699422686429 63.7965348106389
54.593675568637 38.7430136834747 63.8064969460626
54.6530191023685 -11.258263859268 63.8142471510901
54.5320152962015 -41.4103662880201 63.8198661614176
54.3871588264667 -25.4034910247692 63.8234656984374
54.3541129642731 9.68168404204353 63.8251652368639
54.4479620778351 32.7573865204062 63.8250744425902
54.5766190800802 26.5781499400485 63.8232824084748
54.6256818140597 -4.43956899855252 63.8198519582152
54.5474764320122 -31.035841912257 63.8148217787942
54.4109428025972 -34.2869719298189 63.8082180732283
54.2959272044469 -19.7430996476272 63.8000636177794
54.2710457792917 7.40651562234584 63.7903849117039
54.3385460006972 22.979981614829 63.7792181957477
54.434369779723 23.5209991741028 63.7666131252466
54.5147755430607 14.4511673256419 63.7526342046142
54.5323961863626 -6.98791357202119 63.7373548886056
54.4611224029095 -26.7163342224349 63.720850655133
54.3397146926305 -31.7284346595259 63.7031987548678
54.2296017429902 -18.8796707742675 63.6844751424657
54.2171177722945 13.6842784204277 63.6647514954627
54.3221252184961 34.3334511654124 63.6615922105489
54.4531685030089 25.975758209105 63.6653431041969
54.4921247291169 -9.02077108573722 63.6683322214839
54.3897202474748 -37.8385175878037 63.6704505580821
54.237782944382 -31.2085785401983 63.6715995049112
54.1830200758935 6.36225922284045 63.6716920579543
54.276686417343 35.4315737947086 63.6706554811163
54.4103402525035 24.190261470285 63.6684351742496
54.4335483715355 -13.8193204140979 63.6649981283179
54.3200141063752 -37.4722685881299 63.6603359207959
54.1881957049215 -22.0501107946083 63.6544664450067
54.1764561731854 16.9673276412305 63.6474326648548
54.3008532858231 39.7201386514449 63.6392972675377
54.4460363541445 27.2594274763642 63.6301275070772
54.4867977660349 -8.13091351351285 63.6199581822399
54.3982860155685 -31.3435865364796 63.6087716647944
54.2737109145889 -27.0057710309158 63.59649852974
54.2120242030064 -1.3813904652123 63.5830237824687
54.2618973369352 23.9146442057495 63.5681934818638
54.3794644949251 32.6836808776893 63.5518247396105
54.5099199709811 29.4427915495645 63.5337081911836
54.5797051719559 1.82156287725196 63.5136056188876
54.5190326856339 -29.6389917054335 63.4912508546674
54.3767928507848 -37.4478980238072 63.4663563652028
54.2421159801834 -25.8900471372971 63.4386475831775
54.200926076789 7.29955528654807 63.4078967520194
54.2919078223403 34.397545731979 63.3739335101732
