# Fix print output for fix writeZ
66.843 -537.894048846143 62.0685
64.6914271199956 -537.844427868951 62.0911102865177
62.5692100302715 -510.731705271814 62.1132750230551
61.094655623476 10.5864141841858 62.1348184258536
61.1095877095903 -145.18417029479 62.1555615209418
60.6273025791602 -87.3222864651242 62.1753250821232
60.2395667476951 -95.6535450656825 62.1968658599262
59.3625187449334 -347.72511089082 62.2215289277264
57.9777232377898 -321.545205786579 62.2554180197013
57.4098415999718 -93.1066585232334 62.2869682179451
56.9469314590899 -137.967024507871 62.3157567804993
56.3483259861756 -189.261779886069 62.3416505905162
55.5303819201939 -200.857799535111 62.3660814408309
54.8406558599133 4.1498200182725 62.4014035324199
55.5233534194625 201.361702400809 62.4379366200806
56.2442716961347 73.7272235548538 62.4754036324008
55.5441254532697 -259.520944035565 62.5137195725409
54.3334832398256 -363.667480212456 62.5528710053956
53.2084495892364 1.58074047149203 62.5926891063488
53.6736227918502 52.7127795607033 62.6328037045243
53.6700964493986 -3.24151882588318 62.6726514822914
53.6731969291759 23.7504539147041 62.7116114439821
53.6675333547859 -114.743021128509 62.7491289643181
53.0260330146172 -165.716716553717 62.7847436365984
52.2863466874994 -165.061534239578 62.8181041841377
52.396696102408 153.829699390705 62.8489697657381
53.0276137150658 167.568376359125 62.8771916664821
53.5643874662384 50.8176406252827 62.9026738679278
53.7559133484929 79.2108724089791 62.9253569692824
54.097436282166 77.8085243768866 62.945211021502
54.3958464358136 83.6802465724694 62.9623657546401
54.6377078440882 2.96576668119589 62.9866225659606
54.4462756029348 -69.1603483119776 63.0079516689128
54.1601157572462 -75.9184519589276 63.0262620041542
53.7974254589465 -128.896954457556 63.0414193051932
53.1913499669867 -121.550305597236 63.0532445536603
53.0675805723696 17.2977606484962 63.0615360501115
53.1970748061202 76.3764503282753 63.0661243494154
53.7519276205244 165.882897852247 63.0668989851568
54.3992287618665 164.168301381176 63.0638649940605
55.0771955030866 158.291014375911 63.0617576882293
55.5533287138385 83.6008357174911 63.0625132345708
55.8170852612962 43.3675387186987 63.0606325021661
55.8596896830417 -19.824384962964 63.0562903495249
55.7661964777328 -9.63933610534094 63.0524159046338
55.8474014704522 47.7936559530477 63.0509818406998
56.0850217822127 66.5405619179485 63.0483166208719
56.3348280874951 51.2247454679902 63.0532364272978
56.431738255745 -9.10990100963377 63.0801662322313
56.2877613530217 -51.0141701071659 63.1046764027438
56.0797505026311 -58.0134640407142 63.1270019348481
55.7713610902849 -95.3157258800911 63.1473899670391
55.457569794342 -41.8574940631554 63.1660680102712
55.4776626834175 43.6712236158227 63.1832270961573
55.6898143169256 51.5536170522994 63.1990219299149
55.8824052342439 48.1567173159948 63.2135703378419
56.0950986772583 57.2498450191321 63.2269608595506
56.2860699095157 31.3948929672756 63.2392580135616
56.3286259358569 -7.9128100740813 63.2505075887477
56.2509648114411 -31.5845768269925 63.2607406983442
56.043089925491 -74.6833223428323 63.2699767797805
55.667850959109 -105.495520342021 63.2782258538976
55.2671134052834 -81.6006289264006 63.2854902529756
55.1268249636734 16.9213786360769 63.2917660241515
55.3532387795806 81.2127601195156 63.2970452891039
55.6917782931349 85.6615449987999 63.3013191012367
56.029424429936 81.9510383742301 63.3045781968568
56.3364670160598 67.6694694225481 63.3068130048806
56.5232225329011 22.1919421088685 63.3080130039821
56.5221368094595 -19.1027261693516 63.3081656819377
56.3862995392793 -49.6562351819 63.3072549926564
56.1080415923598 -88.7843016628459 63.3052589752295
55.7335593787411 -89.5267773765845 63.3021464625714
55.399790549171 -80.2506799949425 63.2978725138771
55.0850253444254 -72.595718047402 63.2923720566663
54.8570320638884 -38.9200387865506 63.2855514561374
54.7887217775203 5.95016637801469 63.2772776195224
54.8961973372544 45.0135422158449 63.2673640605604
55.1264946425784 65.6382199831436 63.2555530986118
55.3732472716741 55.9701079317033 63.2414929284181
55.5846648407611 52.2089643009386 63.2247320481225
55.8043557645821 59.4777248409513 63.2048177684208
56.0529650629136 56.0207730174439 63.2155070665361
56.1626708991989 -8.19435355513366 63.2435927246024
56.0122156394488 -57.849474560674 63.2679874462659
55.7689255765124 -60.2651379378212 63.2885869395393
55.5124765745349 -72.0314483609836 63.3052986298794
55.1798821032257 -85.8870915916188 63.3180429712635
54.9290332354886 -32.6856432525357 63.3267617573471
54.8703313750809 -11.1884263847317 63.3314316949869
54.7847090616437 -22.5261426805313 63.3320823977331
54.8084429599781 39.4234528269542 63.328817341917
55.0042574809816 41.2074682550126 63.3218239553017
55.0981111831637 16.4336836168089 63.3113435480824
55.204649256361 35.4250422680482 63.2976379906314
55.3028179180962 2.31431027649771 63.2809755758175
55.2129371061508 -37.4376142780138 63.2751036970559
55.088410458192 -19.720886352806 63.2802395092569
55.0181118697272 -24.7475868547803 63.2822721363811
54.8951995406028 -24.2974490382161 63.2811940394516
54.8778630483845 8.38120813249456 63.2770233120383
54.8458081026275 -37.5823062916669 63.2698034361708
54.586083350154 -72.2786904295358 63.2623515468593
54.4368663436999 5.34513262622025 63.2533542490669
54.6218116546045 77.2848423521709 63.2416231501398
54.8791277803766 34.0398745007309 63.2272794732704
54.8926791789993 -16.7140687071353 63.2104558531854
54.8345333267686 -5.30926119289367 63.1987184325613
54.864298959141 20.4282827307682 63.2082025231171
55.0206998773988 59.1877621157683 63.2143496471699
55.2926513681699 67.1354805704668 63.2171697285296
55.4763405167966 17.7594868242652 63.2167054477427
55.3995398708737 -56.8782207980869 63.2130291323032
55.0782234870184 -91.3836628216125 63.2062385203776
54.728370561025 -83.4943972065508 63.1964517572742
54.4166027206136 -70.3433392215489 63.1838019687529
54.1694468398665 -50.7693460291222 63.1684317227239
54.0876671137078 19.5350648095572 63.1604353804225
54.3269273558142 86.9819923409171 63.1616227189724
54.5986211752592 31.3208065136167 63.1609201377786
54.5389752606544 -55.5963563288529 63.1583557801156
54.253341413282 -72.6651935925124 63.1539795432755
54.0215252651017 -39.8738420804645 63.1478647725065
53.9451344263291 2.27665425166609 63.1604863165863
54.034317528056 39.004393219085 63.1781990891827
54.2183671803937 49.4265567162274 63.1932602764286
54.4159379280272 46.0889337660635 63.2056182601647
54.5209188528713 -1.87604878817263 63.2152500965514
54.3851796064847 -60.6314185654719 63.222162422297
54.1186668729246 -60.595095775945 63.2263909133509
53.9798872038026 -3.31212064933647 63.2279982872671
54.0826051641364 47.3899024271616 63.2270709505389
54.2923806955462 52.5458262477876 63.2237145004212
54.4550743887926 21.4348136302246 63.2250061673383
54.4296249035403 -33.8314119710152 63.2337329304357
54.2240587691814 -61.1330686626757 63.2412907301499
53.9851172988428 -53.0756077156863 63.2477045239001
53.8587376378292 -5.27568452509107 63.2530137995544
53.9337259819873 35.8856888760184 63.2572714886239
54.0837617904792 35.4039256519981 63.2605460269428
54.206087238554 24.946785910322 63.262921144649
54.2806127670895 12.42642366483 63.2644883942076
54.3073169207423 0.866885244525641 63.2653382841252
54.2798537955854 -14.9740749783071 63.2655513147583
54.2014650539216 -20.8397318588953 63.2651897459321
54.134317528141 -11.3717136180367 63.2642909211445
54.1151928161713 2.06246150440447 63.2628628485403
54.1530255119154 17.0435402876769 63.2608825319717
54.242408385943 24.7812576634878 63.2582972548157
54.3320471936651 19.0944323125951 63.255028685288
54.3952676171095 12.5858344116866 63.2509793569832
54.422839192364 -1.67203721898269 63.2460408209359
54.3589239338292 -30.857853029748 63.2401026191894
54.2165994554751 -29.5289647523356 63.2330610407879
54.1842485936232 14.61408166321 63.2248266772449
54.3086191290537 42.7864793090901 63.2153271351003
54.4955511997372 45.0600044767283 63.2045044763191
54.5981854157324 -3.20536572300154 63.1923194684614
54.4385431733081 -72.003738186505 63.1787590569009
54.1514775729557 -47.9868287016191 63.1638393889489
54.1543202844966 50.7636847582584 63.1476071309123
54.4751276259453 85.8268272055675 63.130139917646
54.6759673237816 6.11793655716777 63.1381296510492
54.5381335416108 -64.3086867916437 63.1468863170869
54.2856281962013 -47.5524802584479 63.1543112355142
54.2185422687723 16.167940825425 63.1603634892657
54.3922297741402 63.3646506503711 63.1650136487339
54.6589448121876 60.3465634629225 63.1817307101388
54.7856396803558 -4.60402390398694 63.2106618802671
54.6226890212172 -69.0259335334942 63.238544490207
54.3264244125232 -68.7086444559405 63.2651961573883
54.1552055625577 -9.01344932240754 63.2904606560378
54.2621882843522 56.3585641492499 63.3142159875884
54.5306369576656 71.0928943619032 63.336368383207
54.7714622429521 39.4612702037884 63.3568449703261
54.802374017209 -23.3366445940445 63.3755906986416
54.636775691174 -49.317652508232 63.3925580979084
54.4553306814105 -40.1296956357131 63.407702987594
54.3184042290914 -28.0041332226154 63.4209855418927
54.2428769102645 -7.8938333875964 63.4323748055161
54.2580521317527 14.1826105587303 63.441851757408
54.3435592356082 27.6481858889146 63.482560811186
54.4726335538718 35.2516142142984 63.5275267459933
54.5918195710498 18.8242021086502 63.5690042506881
54.6011178556126 -13.0802776822784 63.6068527589242
54.5234238547643 -20.7039653813509 63.6409791991827
54.4531525947821 -14.7772843110266 63.671330722899
54.3926110386164 -17.3733667080742 63.6978889592256
54.3096175736913 -23.2076171254822 63.7206680550147
54.2227872748585 -18.0160589652645 63.7397153902296
54.1803010583298 -1.3245331458647 63.7551145463027
54.2212606927408 20.9036832851216 63.7669900545742
54.3166813712499 21.3923170989715 63.7755117746358
54.3671338108611 3.52302434679499 63.7808809119385
54.3512448955405 -10.6567605031151 63.7833052323674
54.2847900793144 -22.1884887269329 63.7829869947437
54.1903218892271 -21.024237232573 63.7801137781864
54.1451471029498 -0.221137525224967 63.7844381674662
54.171420643809 8.52238770736057 63.7919082651697
54.1785755692723 -6.86139110612457 63.7968552424628
54.1254434183033 -16.5241525463883 63.7992660616584
54.0753333948742 -5.19164833082499 63.7991309466025
54.0989694975767 16.4280669451905 63.7964450558773
54.1753283796144 15.5314574993799 63.7912249749644
54.1872937850151 -10.1084125127101 63.7835221836634
54.1218150289681 -17.151985652437 63.7734231256679
54.0862208259381 1.76707005326188 63.7758592902966
54.1305406503931 16.6817308487167 63.7781365808006
54.1821448456201 5.33472468286098 63.7797423015784
54.1653792819284 -12.0658597168805 63.7808234274661
54.1131524824907 -9.62263435896803 63.78152087085
54.1116177271945 8.71943698428102 63.7819683845977
54.162682669478 13.6959193089788 63.7822904212435
54.2043988969489 5.74787099006212 63.7826005262003
54.1993883541321 -8.37955105364486 63.7830009402045
54.1559570507962 -9.05201065703451 63.7835829663173
54.1511926744273 6.95320254310246 63.7844263302135
54.1951716299097 11.7177539911993 63.7855986159989
54.2218128638621 0.0142807168369388 63.7871549606499
54.1984485225493 -9.39150168910033 63.789124535207
54.1726380647893 -0.733585798291014 63.7914575986433
54.1961113362974 10.4018809596591 63.7940097816101
54.2288053745498 2.66008260556927 63.7965572200051
54.2079923140895 -11.4387092495638 63.7988101134388
54.1674731263294 -4.43768924983243 63.8150598215689
54.1869493274138 11.991717178009 63.8326326798458
54.2286122958495 4.6550753654869 63.848857850506
54.2113004900532 -11.8959456581187 63.8635397901564
54.1613639468348 -9.19721795521939 63.8764867463669
54.1519913015458 4.19465353928631 63.8875207842848
54.1835940814227 9.55186171441572 63.8964837173367
54.2119428600068 3.09980905871249 63.9032418743673
54.2051098450688 -5.79703401074057 63.9076888462544
54.17680119825 -6.66350988241585 63.9097429303365
54.1646301564851 1.85859838604663 63.9093465656302
54.1916558186598 9.77951596910874 63.9064682111475
54.2193695703014 1.67711848134494 63.9011034151791
54.2024482376414 -8.73866777124232 63.8932753327948
54.1633431373011 -9.48460978553348 63.8830335398337
54.1302247154238 -7.35601018025717 63.870451177541
54.0997393253205 -8.27471092524283 63.8556212042732
54.0664890244517 -7.02141688050425 63.8472325512954
54.0606339726831 5.98585155792288 63.8383029695603
54.1168444136155 20.7898762764477 63.8279541681595
54.2098819683326 23.6907895242302 63.8162677647286
54.2902122486372 14.0644171534948 63.8033384433597
54.3077030884268 -5.77689816606056 63.7892759278419
54.2541346298437 -18.6695434513121 63.774206599976
54.1720848783871 -21.5410300567333 63.758274479041
54.0856998062537 -21.4259064480422 63.7526473418689
54.0026388186276 -19.591277414023 63.7676668185104
53.9404765500283 -9.20170359985293 63.7817625111974
53.9414139121637 9.65578055386248 63.7948711765954
54.0037507817969 18.971236473103 63.806917912036
54.0788218686756 17.7990356868182 63.817819502798
54.1441373051791 14.6301409984933 63.8275017952543
54.1914904748564 8.2935460000749 63.8358914864854
54.2050812178865 -2.24033742069175 63.8429010245002
54.167162721042 -17.1739584438816 63.8484177539981
54.0756681071401 -25.6839327090499 63.8522989010742
53.982047193403 -20.0423771733334 63.8543731638376
53.9199463975646 -10.4281118267547 63.854448255339
53.9020232264785 1.10618921780748 63.8523197649934
53.9139656809123 2.46138922908371 63.8477794298612
53.9157878053877 -0.593340218286359 63.8406304723594
53.9279774337708 8.56001853246852 63.8307138713407
53.9858025783891 19.6414434905395 63.8179265022924
54.078030078471 25.2714844544159 63.8022199858887
54.174511048111 21.5993588094458 63.7835885209059
54.2459220577576 13.738583921566 63.7620706085615
54.2826383923792 4.70805868912443 63.7377586437834
54.2861614565522 -2.71260415151197 63.7108042581068
54.2612913053587 -9.74896620414179 63.6814147400059
54.2079126494036 -17.0455912989358 63.6498406943745
54.1249950162296 -23.9649266472875 63.6163850310028
54.0243927681329 -25.3880283952207 63.581390798681
53.922451337407 -25.2048788633424 63.5452227012935
53.8409667795539 -11.5360398952415 63.5082657489089
53.8586897298635 21.6932336203767 63.4785822817802
53.9970294544316 42.7545131927664 63.467181064869
54.1701540967079 42.1275272019841 63.4539078422184
54.3260902925795 34.4959497708364 63.4388075812494
54.4320209304463 17.2413718246829 63.4277945623007
54.4667517401447 1.96199666965341 63.4170911036993
54.4636640638238 -2.23601972760152 63.4053017119105
54.4514417072338 -4.04668105056523 63.3924040555209
54.4318806119414 -5.27330277353461 63.3783646522294
54.4129761307746 -3.89520302926427 63.3631427185317
54.4014591311092 -1.80571581806715 63.3515197287777
54.3999760046924 1.13942986113203 63.3740716273849
54.4072034884586 1.56471795717401 63.4021902873706
54.4057885862571 -2.46363574072387 63.4254196245065
54.3939889252663 -2.11084021493209 63.443619780123
54.396210619169 3.44156239786355 63.4567557066839
54.417826793275 6.51173938120803 63.4648986837124
54.4444926897892 6.87241166472257 63.4682241744165
54.4737096928181 7.68999355189869 63.4669992679187
54.5058267758767 8.83547586443782 63.4615600192919
54.5518125552074 14.8153644617489 63.4522956707435
54.6195804028189 16.9613413433562 63.4396294653112
54.6651239907966 3.62567114284586 63.4239560757769
