# Fix print output for fix writeZ
66.843 -537.894048846143 62.0685
64.6914478748402 -537.715949564617 62.0911102865177
62.5895081129095 -491.122820093572 62.1132750230552
60.9579105174733 -187.021060751911 62.1348184258724
60.5062205822042 -78.0929950259209 62.1555615213741
60.2784152915826 -28.7402749019035 62.1753250855022
60.1218337465312 -55.8304863461189 62.1968658599262
59.8202236674649 -54.5517470386225 62.2197050571543
59.0743448385304 -388.633926937056 62.2443728951247
57.970877783238 -104.35995403837 62.2713044797146
57.3579862300361 -200.75092840927 62.300672406999
56.5197800615948 -227.626210285676 62.3323677110696
55.8233740734722 -129.116135218166 62.3660814408309
55.1069293411379 -255.606134781544 62.4014035324199
55.2018346160939 346.869710895515 62.4379366200806
56.609262824705 342.277053623784 62.4754036324008
57.936317077003 353.947804518818 62.5137195725409
59.3747794179411 359.665375925269 62.5528710053956
60.7393219094284 327.567347647781 62.5926891063488
62.1297066357429 367.52566659403 62.6328037045243
63.7104232694983 411.772713171028 62.6726514822914
65.367470125268 414.701055117371 62.7116114439821
67.0262743457374 414.701055117371 62.7491289643181
68.6850785662068 414.701055117371 62.7847436365984
70.3438827866762 414.701055117371 62.8181041841377
72.0026870071456 414.701055117371 62.8489697657381
73.661491227615 414.701055117371 62.8771916664821
75.3202954480844 414.701055117371 62.9026738679278
76.9790996685538 414.701055117371 62.9253569692824
78.6379038890232 414.701055117371 62.945211021502
80.2967081094926 414.701055117371 62.9623657546402
81.955512329962 414.701055117371 62.9866225659608
83.6143165504314 414.701055117371 63.0079516689133
85.2731207709007 414.701055117371 63.026262004155
86.9319249913701 414.701055117371 63.0414193051946
88.5907292118395 414.701055117371 63.0532445536626
90.2495334323089 414.701055117371 63.0615360501152
91.9083376527783 414.701055117371 63.0661243494216
93.5671418732477 414.701055117371 63.0668989851667
95.2259460937171 414.701055117371 63.0638649940763
96.8847503141865 414.701055117371 63.0617576882293
98.5435545346559 414.701055117371 63.0625132345708
100.202358755125 414.701055117371 63.0606325021661
