# Fix print output for fix writeZ
66.843 -537.894048846143 62.0685
64.6916539888537 -537.067548215264 62.0911102865177
62.775460260212 -231.020965031686 62.1132750230551
62.7125966264748 105.777838056861 62.1348184258525
64.1570183058817 449.146254234811 62.1555615209208
65.9609020901801 451.236594507057 62.1753250819749
67.7658484682082 451.236594507057 62.1968658599262
69.5707948462363 451.236594507057 62.2197050571543
71.3757412242644 451.236594507057 62.2443728951247
73.1806876022925 451.236594507057 62.2713044797146
74.9856339803206 451.236594507057 62.300672406999
76.7905803583487 451.236594507057 62.3323677110696
78.5955267363768 451.236594507057 62.3660814408309
80.4004731144048 451.236594507057 62.4014035324199
82.2054194924329 451.236594507057 62.4379366200806
84.010365870461 451.236594507057 62.4754036324008
85.8153122484891 451.236594507057 62.5137195725409
87.6202586265172 451.236594507057 62.5528710053956
89.4252050045453 451.236594507057 62.5926891063488
91.2301513825734 451.236594507057 62.6328037045243
93.0350977606015 451.236594507057 62.6726514822914
94.8400441386296 451.236594507057 62.7116114439821
96.6449905166577 451.236594507057 62.7491289643181
98.4499368946858 451.236594507057 62.7847436365984
100.254883272714 451.236594507057 62.8181041841377
