# Fix print output for fix writeZ
66.843 -537.894048846143 62.0685
64.6915695792236 -537.280744878957 62.0911102865177
62.672641684613 -389.255175943977 62.1132750230551
61.5612546113544 -79.6966888989769 62.1348184258525
62.2535172622398 263.489408034161 62.1555615209208
63.6837669527835 393.188937678262 62.1753250819749
65.2812478459795 401.916992655773 62.1968658599262
66.8889158166026 401.916992655773 62.2197050571543
68.4965837872257 401.916992655773 62.2443728951247
70.1042517578487 401.916992655773 62.2713044797146
71.7119197284718 401.916992655773 62.300672406999
73.3195876990949 401.916992655773 62.3323677110697
74.927255669718 401.916992655773 62.3660814408312
76.5349236403411 401.916992655773 62.4014035324208
78.1425916109642 401.916992655773 62.4379366200828
79.7502595815872 401.916992655773 62.4754036324056
81.3579275522103 401.916992655773 62.5137195725507
82.9655955228334 401.916992655773 62.5528710054145
84.5732634934565 401.916992655773 62.5926891063847
86.1809314640796 401.916992655773 62.6328037045914
87.7885994347027 401.916992655773 62.6726514824163
89.3962674053257 401.916992655773 62.7116114442179
91.0039353759488 401.916992655773 62.7491289647756
92.6116033465719 401.916992655773 62.7847436375069
94.219271317195 401.916992655773 62.8181041859514
95.8269392878181 401.916992655773 62.8489697693046
97.4346072584412 401.916992655773 62.8771916732849
99.0422752290642 401.916992655773 62.9026738804028
100.649943199687 401.916992655773 62.9253569911849
