# Fix print output for fix writeZ
66.843 -537.894048846143 62.0685
64.6914238046155 -537.894048846143 62.0911102865177
62.5566174843414 -523.835193909563 62.1132750230551
61.3585344331031 222.714513996691 62.1348184258525
62.5484945841038 323.997388618769 62.1555615209208
63.9194497814142 352.136389974222 62.1753250819749
65.3383839077945 355.400024513038 62.1968658599262
66.7599840058467 355.400024513038 62.2197050571543
68.1815841038989 355.400024513038 62.2443728951247
69.6031842019512 355.400024513038 62.2713044797146
71.0247843000034 355.400024513038 62.300672406999
72.4463843980557 355.400024513038 62.3323677110696
73.8679844961079 355.400024513038 62.3660814408309
75.2895845941601 355.400024513038 62.4014035324199
76.7111846922124 355.400024513038 62.4379366200806
78.1327847902646 355.400024513038 62.4754036324008
79.5543848883168 355.400024513038 62.5137195725409
80.9759849863691 355.400024513038 62.5528710053956
82.3975850844213 355.400024513038 62.5926891063488
83.8191851824736 355.400024513038 62.6328037045243
85.2407852805258 355.400024513038 62.6726514822914
86.662385378578 355.400024513038 62.7116114439821
88.0839854766303 355.400024513038 62.7491289643181
89.5055855746825 355.400024513038 62.7847436365984
90.9271856727348 355.400024513038 62.8181041841377
92.348785770787 355.400024513038 62.8489697657381
93.7703858688392 355.400024513038 62.8771916664821
95.1919859668915 355.400024513038 62.9026738679278
96.6135860649437 355.400024513038 62.9253569692824
98.0351861629959 355.400024513038 62.945211021502
99.4567862610482 355.400024513038 62.9623657546401
100.8783863591 355.400024513038 62.9866225659606
