# Fix print output for fix writeZ
66.843 -537.894048846143 62.0685
64.6914238729174 -537.876403713825 62.0911102865177
62.5655330909279 -514.866683547577 62.1132750224618
60.92752379484 -171.701728183629 62.1348185297512
60.3992969848935 -122.823891209257 62.1555627426712
60.0333817643059 85.8460658679329 62.1753299674846
60.7847672312161 251.254733583275 62.1968658599262
61.9940397013054 301.478803215144 62.2197050571543
63.2867394397493 344.158860857932 62.2443728951247
64.6895057674331 354.601593313759 62.2713044797146
66.1097519681951 355.097616563843 62.300672406999
67.5301424344505 355.097616563843 62.3323677110696
68.9505329007059 355.097616563843 62.3660814408309
70.3709233669613 355.097616563843 62.4014035324199
71.7913138332167 355.097616563843 62.4379366200806
73.2117042994721 355.097616563843 62.4754036324008
74.6320947657275 355.097616563843 62.5137195725409
76.0524852319829 355.097616563843 62.5528710053956
77.4728756982384 355.097616563843 62.5926891063488
78.8932661644938 355.097616563843 62.6328037045243
80.3136566307492 355.097616563843 62.6726514822914
81.7340470970046 355.097616563843 62.7116114439821
83.15443756326 355.097616563843 62.7491289643181
84.5748280295154 355.097616563843 62.7847436365984
85.9952184957708 355.097616563843 62.8181041841377
87.4156089620262 355.097616563843 62.8489697657381
88.8359994282817 355.097616563843 62.8771916664821
90.2563898945371 355.097616563843 62.9026738679278
91.6767803607925 355.097616563843 62.9253569692824
93.0971708270479 355.097616563843 62.945211021502
94.5175612933033 355.097616563843 62.9623657546415
95.9379517595587 355.097616563843 62.9866225659633
97.3583422258141 355.097616563843 63.0079516689176
98.7787326920695 355.097616563843 63.0262620041623
100.199123158325 355.097616563843 63.0414193052066
