# Fix print output for fix writeZ
66.843 -537.894048846143 62.0685
64.6914859893721 -537.552010456258 62.0911102865177
62.6156125750639 -463.365684643513 62.1132750230551
60.8875371250136 -416.630223639136 62.1348184258533
59.5235580164228 -5.96913105410436 62.1555615209437
60.2569317100443 201.085956123509 62.1753250821959
60.9056860706556 34.7215407524657 62.1968658599262
60.8554461808533 -35.6831173062598 62.2197050571543
60.2663595403354 -190.867840205951 62.2443728951247
59.5717461209018 -65.9950110561363 62.2713044797146
60.6311407081334 357.717472221734 62.300672406999
62.1185419241769 374.053020227438 62.3323677110696
63.8465966041083 470.006511092339 62.3660814408309
65.740930991056 474.343077981952 62.4014035324199
67.6383033029839 474.343077981952 62.4379366200806
69.5356756149118 474.343077981952 62.4754036324008
71.4330479268398 474.343077981952 62.5137195725409
73.3304202387677 474.343077981952 62.5528710053956
75.2277925506957 474.343077981952 62.5926891063488
77.1251648626236 474.343077981952 62.6328037045243
79.0225371745515 474.343077981952 62.6726514822914
80.9199094864795 474.343077981952 62.7116114439821
82.8172817984074 474.343077981952 62.7491289643181
84.7146541103353 474.343077981952 62.7847436365984
86.6120264222633 474.343077981952 62.8181041841377
88.5093987341912 474.343077981952 62.8489697657381
90.4067710461192 474.343077981952 62.8771916664821
92.3041433580471 474.343077981952 62.9026738679278
94.201515669975 474.343077981952 62.9253569692824
96.098887981903 474.343077981952 62.945211021502
97.9962602938309 474.343077981952 62.9623657546401
99.8936326057589 474.343077981952 62.9866225659606
101.791004917687 474.343077981952 63.0079516689128
