# Fix print output for fix writeZ
66.843 -537.894048846143 62.0685
64.6915322403736 -537.389958387311 62.0911102865177
62.6526690010457 -410.759829028226 62.1132750230551
61.4174164731961 -173.630495645678 62.1348184258525
61.4165863894784 41.9246253720173 62.1555615209208
62.1443050847931 315.683694379679 62.1753250819749
63.6339906093087 439.60187885074 62.1968658599262
65.4343248289314 452.267803768823 62.2197050571543
67.2433960440066 452.267803768823 62.2443728951247
69.0524672590817 452.267803768823 62.2713044797146
70.8615384741569 452.267803768823 62.300672406999
72.6706096892321 452.267803768823 62.3323677110696
74.4796809043072 452.267803768823 62.3660814408309
76.2887521193824 452.267803768823 62.4014035324199
78.0978233344575 452.267803768823 62.4379366200806
79.9068945495327 452.267803768823 62.4754036324008
81.7159657646079 452.267803768823 62.5137195725409
83.525036979683 452.267803768823 62.5528710053956
85.3341081947582 452.267803768823 62.5926891063488
87.1431794098334 452.267803768823 62.6328037045243
88.9522506249085 452.267803768823 62.6726514822914
90.7613218399837 452.267803768823 62.7116114439821
92.5703930550589 452.267803768823 62.7491289643181
94.379464270134 452.267803768823 62.7847436365984
96.1885354852092 452.267803768823 62.8181041841377
97.9976067002844 452.267803768823 62.8489697657381
99.8066779153595 452.267803768823 62.8771916664821
101.615749130435 452.267803768823 62.9026738679278
