# Fix print output for fix writeZ
66.843 -537.894048846143 62.0685
64.6915941577442 -537.213744803909 62.0911102865177
62.7112241654387 -324.712064496577 62.1132750230551
62.0268505138492 -117.557609378735 62.1348184258525
61.6275720135138 -110.259144171814 62.1555615209208
61.4463102998791 41.0469154296981 62.1753250819749
60.7926913347763 -328.434314659823 62.1968658599262
59.452681152649 -347.927181179381 62.2197050571543
58.1553878373242 -233.067036831966 62.2443728951247
58.5705820656481 147.100608230808 62.2713044797146
58.9138521130541 77.2138217670016 62.300672406999
59.3317417554473 91.5653449700951 62.3323677110696
59.2770783089006 -50.1314010078542 62.3660814408309
59.1737547933112 -39.9047860005603 62.4014035324201
58.853557973149 -112.147690029481 62.4379366200809
58.1040180262896 -172.255017524585 62.4754036324006
57.5979274565624 -171.961388907669 62.5137195725391
56.8731757373511 -124.794468172502 62.5528710053917
56.147941014276 -305.130572487132 62.5926891063449
54.9508507540088 -228.096967520889 62.6328037045303
54.2235375169051 -195.193483138695 62.672651482332
53.521230543978 -146.096158666482 62.7116114441105
52.9741710504066 -112.397610950376 62.7491289646367
52.6848097402715 -96.5905328388565 62.7847436372854
52.2050717647457 -107.741776168184 62.8181041854798
51.7500678052552 -126.178551117662 62.8489697681785
51.7864475624222 155.896962525253 62.8771916705758
52.1618088582034 11.9095886430819 62.9026738741306
52.1318372427749 -63.0806770021299 62.9253569778152
51.6047818887497 -134.334729739938 62.945211032535
51.1388323634654 -125.755835743898 62.9623657546402
50.6606081538429 -76.4656668385638 62.9866225659609
50.5421414973176 -10.4194783247223 63.0079516689134
50.4889285163897 -2.86104221239768 63.0262620041553
50.6551398685771 89.5491132016305 63.0414193051952
51.0515263284806 92.4465360216891 63.0532445536638
51.505612404628 126.878340666445 63.0615360501171
51.8907935086455 62.8779870980686 63.0661243494243
52.1019312981023 54.3413958153773 63.0668989851705
52.4331244329425 112.821753013819 63.0638649940816
52.7965470425833 35.0872988124582 63.06175768781
52.6697453410833 -80.8836379462609 63.0625132333303
52.2672707220351 -112.114526071525 63.0606324994662
51.8150749427692 -108.039359914942 63.0562903444782
51.4170405861634 -94.2471567227919 63.0525058686648
51.0137002869702 -108.793289144092 63.0511007502148
50.647546660411 -53.3660371819109 63.0484735065815
50.6639811925353 56.7742137828208 63.0532364272969
50.996599834934 96.9275281397308 63.08016623223
51.374074174957 80.2649284912385 63.1046764027417
51.5742421549493 18.7146468417145 63.1270019348449
51.5758510091168 -5.78748605412643 63.1473899670343
51.5921402077404 13.2943060444515 63.1660680102639
51.6474642270267 10.1839431693452 63.1832270961464
51.6603947317189 -4.25810709397522 63.1990219298991
51.5941688976158 -32.4717184518162 63.213570337819
51.4004240441627 -58.3674171608858 63.226960859518
51.183152918264 -48.2861990877635 63.2392580135153
51.0052364405838 -42.1646979157193 63.2505075886821
50.8553572290175 -26.1455739655874 63.260740698252
50.8493635514357 23.8167093427069 63.2699767796517
50.9767599916668 25.430333051587 63.2782258537189
50.9789290641048 -24.6655407543291 63.2854902527294
50.8333096552868 -37.5241144484235 63.2917660238147
50.739577404716 -5.7610490847977 63.2970452886466
50.7934612557878 31.6864877131332 63.3013191006205
50.9771607617788 54.5500889646309 63.3045781960325
51.1165096267475 1.20547447994677 63.306813003786
50.9606305275822 -68.4109671255703 63.3080130025383
50.7396122443557 -24.6420674134818 63.3081656800455
50.7757949421647 32.9230281685852 63.3072549901874
50.9234554638656 38.3850118640092 63.3052589720125
51.0755016635062 33.4600676394208 63.3021464583797
51.1020230540551 -28.988695028738 63.2978725084122
50.8704688185938 -71.6668410983422 63.2923720495369
50.6565023266268 -28.1482299647331 63.2855514468328
50.6005383119753 -9.21640801050473 63.2772776073791
50.5671547581424 -0.412117347247997 63.2673640447196
50.68421219082 64.2520472798914 63.2555530779637
51.0098265443456 72.5413895965224 63.2414929015302
51.1023660010422 -31.0513938604539 63.2247320131469
50.8374060197368 -80.1334313830656 63.2048177229806
50.6207568037908 -17.8292170558122 63.1994064480503
50.7190788253964 61.4798927131917 63.2263569103306
50.9969402627707 62.1467296563133 63.2496089733524
51.15832247154 14.0383887065294 63.2690578868061
51.0930404832585 -44.4897359500884 63.28461762764
50.8427767503369 -75.4241666035667 63.2962187070111
50.5152571868403 -79.270525789001 63.303816560525
50.3304279921254 -1.32299819814561 63.3074051332234
50.5071901441072 77.307130256926 63.3070346173977
50.8169003151252 70.5214786174199 63.3028315604685
51.0864369698649 67.9253590164257 63.2949985352642
51.3754949602752 73.9168341371361 63.2837743573142
51.6488946716046 60.2214147107445 63.2694131281556
51.8313309190172 26.0062530837386 63.2521727653685
51.8228365536961 -32.5152728496248 63.2323047869802
51.607469292657 -65.8220105182308 63.210045465547
51.3627433866106 -54.4269044731046 63.1884300137264
51.1569529053871 -48.840929335656 63.193054181056
50.9698968520873 -45.9728090880198 63.1951628232265
50.8008279314144 -31.2892729495757 63.1947438974293
50.7684788592988 16.7447774706487 63.1918188777805
50.9153693051681 50.5350143150354 63.1864364757574
51.1223830048153 50.937303006787 63.1786664678747
51.3355953065156 58.1569749149161 63.1961589925916
51.5905463281836 63.541012340303 63.2197181915277
51.7545890147 10.9040185689012 63.2408772920314
51.6815214969093 -37.7973808674203 63.2594843281974
51.5508724127869 -20.9128647691771 63.2753851127225
51.5005768639132 -10.1450254581473 63.2884271216084
51.4391801130667 -17.7692826827774 63.2984706781
51.4169441063476 10.7619609425577 63.3053996472262
51.4993303603891 20.7812616283055 63.3091283035418
51.5053315171257 -21.7824436111236 63.3096085789118
51.3718309616077 -32.7635917666384 63.3068350543756
51.3088337930967 -3.37601604358903 63.3008465719786
51.261906613347 -28.1985744252272 63.2917266513667
51.0684894841463 -63.3241813813889 63.2796030705626
50.8251684427643 -50.6025995557804 63.2646526477777
50.693170850743 -14.9674842395923 63.2471129686228
50.687137464228 9.85108570781463 63.2272841067018
50.7740645197545 34.2253970042421 63.2055256887757
50.9370607232162 41.1873226082824 63.1822435526117
51.0660627334905 20.1662336031465 63.1729003633087
51.0924877376554 -4.01248888398938 63.1878181590136
51.067804241113 -5.61860843759356 63.2000387865256
51.0506616995361 -3.0012558670292 63.2095390094055
51.0492852043353 3.11768051574243 63.2163249142384
51.0697115085468 3.15567890406217 63.2204313821341
51.0285094138729 -26.3510079551089 63.2219201183917
50.8829863485454 -39.4268965804457 63.2208763397624
50.7662699870732 -15.0147156094863 63.2248527591694
50.7619920447851 9.2493281691495 63.2352246124881
50.8046646515493 9.46166107802788 63.2444126465261
50.8286555419296 1.99986756137821 63.2524254770696
50.8208607114735 -5.49439960537925 63.259286538019
50.7899399710104 -9.29067976587123 63.265033957156
50.7475987707082 -12.2562342196975 63.2697199224098
50.6961707062606 -10.486417258837 63.2734122567479
50.6959861910253 13.0093549578649 63.276195288683
50.7928960785758 31.3434070487059 63.2781627671084
50.9138346720988 27.5979151358961 63.2794088661625
51.0113704606695 21.1689260006227 63.2800189865052
51.0833491568008 14.7188908056601 63.2800612056818
51.1213121247926 1.23256225959335 63.2795792184696
51.0694369175157 -28.72798769386 63.2785874914831
50.8952165574852 -56.178940959719 63.2770691525874
50.6440235777387 -66.7743555206239 63.2749768506951
50.39011053127 -54.4342272996528 63.2722364877593
50.2327087550652 -25.617811846181 63.2687534070565
50.148513192368 -21.4200088793923 63.2644203601214
50.0539012392707 -21.4414295500647 63.2591264275719
50.0119963003448 1.9421287346495 63.2527659656469
50.0510746356342 10.9169488165461 63.2452463974934
50.0598580928776 -4.49237201918409 63.2364913453435
50.0693085487983 16.5176774486927 63.2264378733307
50.2146461021021 53.1984693160414 63.2150389715084
50.4351809869393 48.6893357610984 63.2022705667375
50.5786803871332 22.2528953250063 63.1881359543233
50.6137203760104 -4.21612384548969 63.1726674027672
50.5601467697983 -19.1333382293484 63.1559269064782
50.4917763893388 -12.1630043130866 63.1380061041939
50.4627701714948 -5.12352048203371 63.1190253089831
50.4209471288459 -19.2702679118425 63.0991315771501
50.287426985138 -49.1187738134072 63.10261953813
50.0322352170293 -72.4621427544539 63.1104603506794
49.7785152806278 -49.8735643424369 63.1164375942056
49.628383326005 -26.7184078834143 63.1204332409123
49.5696992615718 -1.40841326334617 63.1393634376721
49.5968876252868 7.40955591641473 63.1701539687868
49.5664559157487 -25.7304904827108 63.1998866064185
49.4278564286462 -34.5441728067058 63.2284366101784
49.3505605214569 -0.239457006505473 63.2556942449066
49.4257102016487 35.2037081092112 63.2991074578339
49.6142725728639 58.0211301321096 63.3462116021091
49.8562117321314 56.1118266951679 63.3909629485383
50.0315296991741 32.5358018600491 63.4331909035579
50.120672101762 10.4328234859085 63.4727421760278
50.1148760938218 -9.22046451171509 63.5094784676123
50.0958868286545 2.99354439601589 63.5432788294213
50.1079889595766 -5.55408259393175 63.574044905476
50.0177718697244 -35.8323081243547 63.6017053426552
49.8886689189951 -19.6219439876538 63.6262187948703
49.9067481385872 31.3124680978857 63.6475769116923
50.1413628862245 81.9065040914775 63.6658020950765
50.4895103084985 81.8784392409387 63.6809409839402
50.7496377248064 48.6937880642871 63.6930582051555
50.8754988480151 9.51733088008847 63.7022295707655
50.8083470136697 -38.0005877792037 63.7085351063415
50.6694396850432 -18.1524413633658 63.712052915935
50.704926526298 31.8687046067654 63.7217340312712
50.8458254642075 26.9557381500927 63.7347282197129
50.8633095909473 -19.0151196518073 63.7443829472274
50.7403292694418 -32.5034672309458 63.7506092748286
50.6525361844832 -11.4422689527339 63.7533466532945
50.6313547776434 -0.483067150351996 63.7525688082107
50.6583293790601 16.008166442853 63.7482905780587
50.7514203695197 26.1325013963016 63.7405715478056
50.8374930325065 15.3348928376026 63.7327713204566
50.8691046628986 0.203639724297335 63.73181706159
50.8522570155657 -4.89277362068591 63.7289286888135
50.8591475104671 9.97623059060166 63.7241558880309
50.923523848092 19.2728242116033 63.7175539360867
50.9893947684878 10.9612155433156 63.7091853406829
50.9933449677306 -9.97064945006942 63.6991338164954
50.9239597315862 -20.1183091413361 63.6875211331536
50.8671921966464 -6.86655655958652 63.6939342365387
50.8519993831244 -3.45901693265543 63.7008794021367
50.8350468442761 -3.0110433546572 63.7069650587912
50.8557760768783 15.8157688237767 63.7122022129365
50.9511050013058 28.5715482130937 63.7166031488323
51.0648082237146 26.2503581429669 63.720186088602
51.1440855147647 11.8151530390872 63.7229793926125
51.1540046530268 -6.72713241644255 63.7250242390406
51.1009194110914 -17.013124110704 63.7263782882028
51.0398144561885 -12.4060725060634 63.7271189369286
50.9960924213369 -11.3897420523552 63.7273382003007
50.9357416420768 -19.1609762154569 63.7270946479833
50.8634396395452 -10.809618305427 63.7392848019816
50.8975405835107 29.9499826342307 63.7662775791226
51.0776887198072 53.3661478907319 63.7922581191415
51.2836217776281 45.5157747919864 63.8169074635548
51.3980281387153 7.38662988054758 63.8399591724457
51.3445344750039 -29.0086240684438 63.8611892144072
51.2170154882972 -30.0365140536212 63.8804135364159
51.1359550845678 -6.42438761066055 63.8974869551908
51.1804474624975 27.5499421764845 63.9123006556418
51.328063936127 40.5592181873255 63.9247765866421
51.4448054186625 10.8377787004794 63.9348617548676
51.394354284001 -33.3199317551949 63.9425260207015
51.2328038883763 -38.146739597348 63.9477603802055
51.1479378298718 -0.014762974063139 63.9505751983918
51.2383960219836 42.4309047166633 63.9509983000556
51.4341568254944 44.3001227914023 63.9490723892801
51.5162249027435 -8.37836388164662 63.9448505762754
51.3785830142025 -51.66783282099 63.9410978003161
51.2158843506379 -18.1488447835077 63.9360768184461
51.2554151658665 33.6191442470193 63.9283166466192
51.4284434727473 47.4743561628628 63.9178972155346
51.6060869998632 37.5936690546115 63.9049163298846
51.7037327174501 9.42236954474103 63.889485208164
51.6863824638432 -15.2971014501466 63.87172389362
51.608685960651 -20.6765774487933 63.851765439276
51.530432535984 -19.0773602673241 63.8297887822
51.4406212994689 -27.9348552848937 63.8060314542605
51.3043306162594 -37.7478686109157 63.783437410027
51.1901875669269 -11.7640953283897 63.767915348123
51.2352426902533 31.8140267326081 63.7508672989418
51.3822222300846 31.6561984084256 63.7326166953841
51.4364803576207 -7.78402464708461 63.7135387822897
51.3214631884124 -45.7130805443989 63.7151318121194
51.1344317806161 -37.7225964044334 63.7260590565179
51.0679339352359 5.75400917343137 63.7351533776129
51.1537203274882 31.0271915548618 63.7423943857857
51.2861451403913 33.346735700666 63.7620898590812
51.3913947767918 13.8299352413416 63.7812316656739
51.3592454020397 -31.4851241561167 63.7985370764092
51.1669627949967 -57.4416054887737 63.8144807385076
50.9448574338537 -48.787052837431 63.829350398355
50.8160237931267 -13.0070377196424 63.8432387143523
50.838818477926 22.0001444587978 63.8560608727633
50.96425127222 36.6487236125741 63.867608363111
51.1035358016455 29.2655695253094 63.8776810622434
51.1520483805799 -10.1161488295221 63.886120005972
51.0163440803982 -53.313814946974 63.8928009132675
50.7952066441847 -46.6249178436786 63.8976269921605
50.6969822889019 -0.83295173374234 63.9005214938654
50.7675158799076 31.0190825636583 63.9014206820507
50.9044640335467 32.058910352784 63.9002711535443
50.9711306784744 -3.93120790563042 63.8970228124925
50.8696341260847 -41.2718404400146 63.8916237570624
50.7162620099073 -27.4525830865593 63.8840179594539
50.6665514866432 0.631821883703006 63.8741455780633
50.6975791451705 12.3924679241612 63.8619467576683
50.7528067924303 13.7146693297878 63.8473681168373
50.7925361555157 4.60162515116622 63.8303707495597
50.7875129454608 -5.83297525533197 63.8109384994167
50.7658519202146 -2.49694654951724 63.7890848164144
50.7714777650253 3.67103762840625 63.7648489840812
50.7834298093931 2.19016256256304 63.7382838889173
50.7971518037629 5.55596346083634 63.7094503071694
50.8200180192672 3.47840096977089 63.6784190179413
50.8114225846292 -7.94871879858283 63.6452737300344
50.7658025838831 -13.2007258101154 63.6101134652733
50.718320742193 -8.95388639376437 63.5730601434686
50.7125640175725 8.95112523031274 63.5342700960375
50.7973516077031 30.3052155256497 63.493934695611
50.9041533967055 16.8012356866649 63.4522737470771
50.9144993112277 -9.49974126496593 63.4095007301345
50.8596204260024 -14.697818792155 63.3989946221544
50.8083945178392 -9.75659192749216 63.3922049128743
50.795499032436 5.48558794598627 63.3829197836689
50.8634835124793 28.1623634451883 63.3711507787344
50.988506537859 26.0775785290626 63.3569275502689
51.0163285099787 -14.5467972321163 63.3403016707578
50.9024737463244 -33.3241705706277 63.3243948054386
50.8172173314784 -5.51940763708856 63.3247729176902
50.8535588541002 20.8130506991338 63.3211785888779
50.9597995622048 29.2301572693898 63.3135651943511
51.0526703254946 12.1376848690072 63.3019140445733
