# Fix print output for fix writeZ
66.843 -537.894048846143 62.0685
64.6914506621698 -537.701514821209 62.0911102865177
62.5950210561863 -486.376487322672 62.1132750230551
60.7235693911978 -457.639662328203 62.1348184258525
58.9972817334329 -358.039792616661 62.1555615209208
57.5452310275464 -365.798370849861 62.1753250819749
56.5930263386393 200.544041612407 62.1968658599262
57.907932915716 382.874875900002 62.2197050571543
59.4854021086449 368.064626604462 62.2443728951247
60.5033992522056 219.060598555888 62.2713044797146
61.2157109656947 114.439279963481 62.300672406999
61.5360162373965 27.1483286356608 62.3323677110696
61.6022406080661 -33.5195729846018 62.3660814408309
61.3179887972812 -43.8892322827202 62.4014035324199
60.4097264193097 -393.692858112267 62.4379366200806
59.9429159285515 236.205997307701 62.4754036324008
60.8833910316026 232.917992364624 62.5137195725409
61.8410963729687 273.130940592567 62.5528710053956
63.0852084660471 335.037756513885 62.5926891063488
64.5251869019332 372.70069233989 62.6328037045243
66.0221325683746 374.504596186657 62.6726514822914
67.5201509531214 374.504596186657 62.7116114439821
69.0181693378681 374.504596186657 62.7491289643181
70.5161877226148 374.504596186657 62.7847436365984
72.0142061073615 374.504596186657 62.8181041841377
73.5122244921083 374.504596186657 62.8489697657381
75.010242876855 374.504596186657 62.8771916664821
76.5082612616017 374.504596186657 62.9026738679278
78.0062796463485 374.504596186657 62.9253569692824
79.5042980310952 374.504596186657 62.945211021502
81.0023164158419 374.504596186657 62.9623657546402
82.5003348005886 374.504596186657 62.9866225659609
83.9983531853354 374.504596186657 63.0079516689134
85.4963715700821 374.504596186657 63.0262620041553
86.9943899548288 374.504596186657 63.0414193051951
88.4924083395756 374.504596186657 63.0532445536634
89.9904267243223 374.504596186657 63.0615360501165
91.488445109069 374.504596186657 63.0661243494234
92.9864634938157 374.504596186657 63.0668989851692
94.4844818785625 374.504596186657 63.0638649940797
95.9825002633092 374.504596186657 63.0617576882293
97.4805186480559 374.504596186657 63.0625132345708
98.9785370328027 374.504596186657 63.0606325021661
100.476555417549 374.504596186657 63.0562903495249
