# Fix print output for fix writeZ
66.843 -537.894048846143 62.0685
64.6915025853692 -537.491226623479 62.0911102865177
62.6309574881992 -441.036253927193 62.1132750230551
61.1624731590653 -266.406093013604 62.1348184258525
60.3133867292145 -212.964086452289 62.1555615209208
59.5955201975748 -172.455977150631 62.1753250819749
59.7069409381728 161.859514144669 62.1968658599262
59.9030868999582 94.9554251327342 62.2197050571543
60.8267244773513 257.692751792931 62.2443728951247
62.2061580216157 415.986383433075 62.2713044797146
64.0298757933811 485.501746155702 62.300672406999
65.981797294278 488.511863604121 62.3323677110696
67.9358447486943 488.511863604121 62.3660814408309
69.8898922031107 488.511863604121 62.4014035324199
71.843939657527 488.511863604121 62.4379366200806
73.7979871119434 488.511863604121 62.4754036324008
75.7520345663598 488.511863604121 62.5137195725409
77.7060820207761 488.511863604121 62.5528710053956
79.6601294751925 488.511863604121 62.5926891063488
81.6141769296088 488.511863604121 62.6328037045243
83.5682243840252 488.511863604121 62.6726514822914
85.5222718384415 488.511863604121 62.7116114439821
87.4763192928579 488.511863604121 62.7491289643181
89.4303667472742 488.511863604121 62.7847436365984
91.3844142016906 488.511863604121 62.8181041841377
93.3384616561069 488.511863604121 62.8489697657381
95.2925091105233 488.511863604121 62.8771916664821
97.2465565649397 488.511863604121 62.9026738679278
99.200604019356 488.511863604121 62.9253569692824
101.154651473772 488.511863604121 62.945211021502
