# Fix print output for fix writeZ
66.843 -537.894048846143 62.0685
64.6914274678415 -537.841180986892 62.0911102865177
62.5720522873151 -509.023145296527 62.1132750230551
60.7856809396626 -297.320001955056 62.1348184258628
59.6818908309004 -321.496720264267 62.1555615211453
58.2066813241467 -311.629315912453 62.1753250837452
57.2767621740408 -233.092040962399 62.1968658599262
56.5869616499709 -194.595625899596 62.2197050571543
55.2494969194125 -382.919064538528 62.2443728951247
53.7290897094975 -361.107132862883 62.2713044797146
52.4589881501467 -310.304992576821 62.300672406999
52.1942855889238 222.454029998577 62.3323677110696
53.2276605170359 318.152720434481 62.3660814408309
54.257226079017 186.013251397255 62.4014035324199
54.763752929414 16.0422052925935 62.4379366200806
54.845923162164 65.3209235514113 62.4754036324008
54.7083919510638 -118.526589647324 62.5137195725409
55.1039283796863 269.075811627936 62.5528710053956
55.9023446301903 144.288969853834 62.5926891063488
56.1194243261831 -64.2412154674731 62.6328037045243
55.9821413709677 40.0652861897848 62.6726514822914
56.4267166043268 277.103574700239 62.7116114439821
57.7726938036375 340.708697169956 62.7491289643181
59.0372044805696 299.982781875701 62.7847436365984
60.2888949083184 323.363328141552 62.8181041841377
61.4536212069973 194.088854295002 62.8489697657381
61.9861875928643 124.717622370877 62.8771916664821
62.6535386378577 206.084019986795 62.9026738679278
63.5272683238808 227.842320829852 62.9253569692824
64.463917742036 238.734725119977 62.945211021502
65.4248151189555 240.497834152318 62.9623657546401
66.3868064555647 240.497834152318 62.9866225659606
67.3487977921739 240.497834152318 63.0079516689128
68.310789128783 240.497834152318 63.0262620041542
69.2727804653922 240.497834152318 63.0414193051932
70.2347718020014 240.497834152318 63.0532445536603
71.1967631386106 240.497834152318 63.0615360501115
72.1587544752197 240.497834152318 63.0661243494154
73.1207458118289 240.497834152318 63.0668989851568
74.0827371484381 240.497834152318 63.0638649940605
75.0447284850473 240.497834152318 63.0617576882293
76.0067198216564 240.497834152318 63.0625132345708
76.9687111582656 240.497834152318 63.0606325021661
77.9307024948748 240.497834152318 63.0562903495249
78.892693831484 240.497834152318 63.0524159039226
79.8546851680931 240.497834152318 63.0509818395987
80.8166765047023 240.497834152318 63.0483166191689
81.7786678413115 240.497834152318 63.0532364274956
82.7406591779206 240.497834152318 63.0801662325221
83.7026505145298 240.497834152318 63.1046764031667
84.664641851139 240.497834152318 63.1270019354572
85.6266331877482 240.497834152318 63.1473899679072
86.5886245243573 240.497834152318 63.1660680114936
87.5506158609665 240.497834152318 63.1832270978573
88.5126071975757 240.497834152318 63.1990219322507
89.4745985341849 240.497834152318 63.2135703410147
90.436589870794 240.497834152318 63.2269608638253
91.3985812074032 240.497834152318 63.2392580192877
92.3605725440124 240.497834152318 63.2505075963812
93.3225638806216 240.497834152318 63.2607407084734
94.2845552172307 240.497834152318 63.2699767931549
95.2465465538399 240.497834152318 63.278225871461
96.2085378904491 240.497834152318 63.2854902759047
97.1705292270583 240.497834152318 63.2917660538999
98.1325205636674 240.497834152318 63.297045327446
99.0945119002766 240.497834152318 63.3013191503181
100.056503236886 240.497834152318 63.3045782592487
