# Fix print output for fix writeZ
66.843 -537.894048846143 62.0685
64.6914270130176 -537.845312950987 62.0911102865177
62.573784483376 -507.218783978608 62.1132750230551
60.7519990532698 -354.954834080685 62.1348184258525
59.3190655464384 -386.40259423763 62.1555615209208
57.9694672965282 -114.302006630204 62.1753250819749
57.6617848214123 -150.586194605393 62.1968658599262
56.97350880954 -184.883884647754 62.2197050571543
56.6421888689069 108.383004488265 62.2443728951247
56.6473236918896 -161.108642994574 62.2713044797146
55.9525565395561 -215.436100011976 62.300672406999
55.0338336620903 -230.850721806845 62.3323677110696
53.8492623776953 -322.000760746285 62.3660814408309
52.4269082146489 -378.90394580334 62.4014035324199
51.34364238248 -177.807922407101 62.4379366200806
50.5181052960148 -177.51788123093 62.4754036324008
49.9060874239597 -213.520166654287 62.5137195725409
48.9348704729905 -250.325073976372 62.5528710053956
47.9149906931874 -285.616175812372 62.5926891063488
47.2043119388368 41.2230407003384 62.6328037045243
47.4568988689486 67.9418980879947 62.6726514822914
47.9464292600147 135.080417804432 62.7116114439822
48.4534771256013 131.240178772184 62.7491289643184
48.2604076064605 -222.361780330065 62.7847436365991
47.5712369234736 -139.02398734484 62.8181041841392
47.0892430544881 -128.368593783863 62.8489697657407
46.5473998854863 -109.452315946506 62.8771916664866
46.3242347769659 -64.9465614797443 62.9026738679348
45.9653756587419 -83.0848353410476 62.9253569692924
45.6258973150015 -82.141372014888 62.945211021516
45.9889323861089 258.378756618778 62.9623657546401
46.8242751401327 127.908298732612 62.9866225659606
47.5657670501878 265.134549846229 63.0079516689128
48.169894084264 -130.702555573951 63.0262620041542
47.264543366856 -215.765276431918 63.0414193051932
46.5510358262213 -153.682088893922 63.0532445536603
46.0340105701996 -125.351805891556 63.0615360501115
45.5002676711326 -162.596581199108 63.0661243494154
44.7541936576178 -184.85218596996 63.0668989851568
44.0491295273343 -148.298512287506 63.0638649940605
44.2237570691853 228.554779700302 63.0617576882289
45.2074459953305 221.435896067293 63.0625132345696
45.9274983332247 157.526677568415 63.0606325021634
46.566645529796 162.7292729384 63.0562903495198
47.2694451844478 194.519382616448 63.0524159421187
48.0870022735362 199.959798442696 63.0509818955184
48.6726820082849 76.4351656666997 63.0483167008557
48.7949560483559 8.32048320881187 63.0532364272969
48.7361748379005 -56.4956691475652 63.08016623223
48.4296225901174 -75.2124506677359 63.1046764027417
48.202523199273 -41.5465212050584 63.1270019348449
48.0491039279402 -40.0253098747546 63.1473899670343
47.8777649190485 -43.2701729184157 63.1660680102639
47.6995311453254 -49.7636885193315 63.1832270961464
47.4394198176194 -88.8110103721957 63.1990219298991
46.9602883203221 -139.121573024442 63.2135703378191
46.4667324598166 -103.99832615903 63.226960859518
46.0411567221053 -108.662793527136 63.2392580135153
45.8454759378176 51.3785655854802 63.2505075886822
46.3105982295339 127.099821712134 63.2607406982521
46.6279500078922 39.8328462945332 63.2699767796519
46.7711430809824 37.923707319587 63.2782258537191
46.8486386111945 -18.2227000070116 63.2854902527296
46.6065206094832 -87.0868059355739 63.2917660238151
46.2206306713283 -99.9028283921108 63.2970452886471
45.8061864424397 -115.182933020038 63.3013191006211
45.3210970021187 -103.731624730151 63.3045781960332
45.1348391247759 3.18676706452105 63.3068130037868
45.132569696833 -33.1332271608639 63.3080130025393
44.807143739633 -114.09767751474 63.3081656800466
44.3865831379667 -76.5309474941634 63.3072549901887
44.3086745408203 49.3323230314475 63.3052589720141
44.7045559368866 114.264057742704 63.3021464583817
44.962870832276 0.555327214355149 63.297872508415
44.7513141918864 -90.1325975102095 63.2923720495413
44.4179546405284 -57.7158256784983 63.28555144684
44.3329886129915 13.3236329526274 63.2772776073915
44.4972422139089 64.5461162043603 63.2673640447409
44.7973710711527 79.7571051583141 63.2555530780006
45.0853407982902 55.6589993639842 63.2414929015932
45.199151477015 -1.04654130014444 63.2247320132503
45.0853821242322 -52.069429980027 63.2048177231385
44.8198060502299 -75.4975912139251 63.1993290220062
44.5130034921182 -76.1237915501046 63.2262701083282
44.2312515606206 -60.498927684846 63.2495120061376
44.0460604664328 -35.3723561377591 63.2689498786639
43.8981281639266 -43.7389249204174 63.2844976470988
43.7066470710683 -44.1976399110843 63.2960857643761
43.5924176366718 -10.7604517116628 63.3036696089515
43.6284059727839 29.6961992363616 63.3072430747189
43.8344842472737 71.2187495485826 63.3068562956457
44.1519700502907 81.4110039460298 63.3026357759098
44.4667763818502 74.9532831507723 63.2947840634507
44.7108678405127 33.9768907619024 63.2835399499921
44.6683493547968 -54.0180179739955 63.2691575021592
44.3607277468273 -87.9105997222841 63.2518945353873
44.0043406519696 -84.9761756167046 63.2320024192956
43.7214597695842 -54.3641923964126 63.2097172332842
43.5825289793918 -11.5977605184386 63.1984784948738
43.650194225655 44.1595535471174 63.1966722365004
43.8791013936821 60.9264424872833 63.1937453171564
44.1157425372274 61.7987892179811 63.1932310488944
44.38751737724 72.0422544072442 63.1902055252984
44.6495992670112 46.4263175706872 63.1847178579233
44.665458337777 -42.6186624882257 63.1768383768919
44.4003958989212 -64.3361147161038 63.1666531995091
44.327579047442 36.6570506633059 63.1542600620525
44.6182766012374 85.1275467156261 63.1397639914642
44.8419220232156 21.3824270912741 63.1266282362551
44.8425000300755 -10.2431298035955 63.1325366273064
44.812836675308 -3.45197988173672 63.1408265437196
44.8202277897921 8.08829057046606 63.1487932184855
44.8585862932878 4.32380297851178 63.1543524544638
44.8134415559519 -27.8364582120599 63.1574850261097
44.6494894691983 -51.7405267305665 63.1581958365358
44.4210746003555 -61.4711510542179 63.1565126800035
44.1450416814814 -75.2634424708223 63.1528625328145
43.8738513542656 -53.7914714819479 63.1557718971887
43.7156201727709 -28.8019794454249 63.15678641268
43.6434890823814 -5.67647873337362 63.1559163512835
43.6502830512444 0.924769740406014 63.1531924930767
43.5864942282037 -33.3156375481501 63.1532375143442
43.4545659701972 -19.8329658795265 63.1662947151675
43.4771566174312 26.1083545443422 63.176644345651
43.6025184511064 31.1223263690788 63.1842451680755
43.7027589089014 15.1891555730479 63.1890841348611
43.6859847856153 -23.6199527242654 63.2003482015017
43.584825247419 -14.7488709799392 63.2098851940664
43.6180118144887 27.0799605272453 63.2167126909674
43.709498642916 5.35806430993614 63.2208659271222
43.6195617153282 -45.6076303198016 63.2224069140407
43.394781427508 -62.0223085143455 63.2214211181556
43.1531104231956 -55.2203262738957 63.2275274090152
42.9724263055048 -33.0415173579765 63.2382486335897
42.9194737319123 11.2340855070504 63.2478086268007
43.0690306993445 58.2579178481754 63.2562154430018
43.3036771359991 49.6864915833838 63.2634917411249
43.4202405840606 5.95657401504101 63.2696748530387
43.3756738097856 -21.9383685033087 63.2748170542426
43.2577698544076 -39.0987568031099 63.2789879006225
43.0583222311518 -55.7926352726893 63.2822741692096
42.890658395591 -20.9074374614176 63.2847716171899
42.8953562494869 20.4759071644196 63.2865757485983
43.0231876172224 38.9818659789042 63.2877725969385
43.1819987541906 37.6761781856117 63.2884301821239
43.2964551243835 16.5292650428598 63.2885915007065
43.300052570415 -14.6987559323147 63.2882697769675
43.2001159638167 -31.451617121608 63.2874464817346
43.0665026279298 -32.9877736455105 63.2860723365471
42.9642661908306 -14.6781351028135 63.2840711963245
42.9589327335781 10.5185602936528 63.281346386372
43.0171059769521 13.5304364804273 63.2777888160294
43.0408994401879 -1.75866625264683 63.2732860448112
43.0225762419265 -4.15711710019521 63.2677314204408
43.0132619126106 -1.79115247043454 63.2610318437662
42.9983709548739 -7.24678398905658 63.2531088183306
42.9434940016175 -20.8689411288348 63.2438962385646
42.836606497464 -30.2812119414179 63.2333426822172
42.7260428567069 -23.3712634371693 63.2214150301683
42.6492362385216 -15.6604882108401 63.2081048394592
42.6102972459777 1.29306197594656 63.1934315463082
42.6966731731856 42.7653879031026 63.1774432872859
42.9250349504745 62.7655095083774 63.1602169350435
43.0856206080006 5.62430497603283 63.1418573402503
42.9449886572652 -67.8964696450541 63.1253506093885
42.6992770242142 -34.5693115311753 63.1280652326861
42.7295723575185 46.7067628656103 63.132087317699
42.9789402431322 59.394491125749 63.1347287668422
43.10649132129 -0.22230221779478 63.1359876937167
42.990806502173 -50.8998155897469 63.1358833314691
42.7612131450144 -56.751296442166 63.164371404538
42.6117801196238 -9.714521682388 63.1928799313456
42.6943207647534 45.0506497215878 63.2203711128694
42.8987472611967 50.0902646901893 63.2467256589588
43.0664576095986 28.8885574221747 63.2718356586456
43.0929763424543 -17.2143270372145 63.2956118665133
42.9552973552327 -45.7385431976692 63.3179872718938
42.7505028675533 -54.836495379119 63.3389120841196
42.5799916970657 -19.9364642127142 63.3583480518504
42.6261320969267 38.6997713910268 63.3762667156526
42.8174921293777 48.7333998908692 63.3926489793089
42.9893977036082 35.4636945867763 63.4074881296565
43.0620082809951 -3.29921427399231 63.4294454114467
42.9692708710532 -38.6542345160614 63.4666050087246
42.7917203386062 -43.5699525947207 63.5019103286987
42.6969426286106 3.66733875770273 63.5352257285314
42.8257151393221 55.162807775216 63.5664242112093
43.0577945509259 47.7469191383272 63.5953824663308
43.1332974589853 -14.3636254067228 63.6219750113479
42.9581800281665 -62.9960154862954 63.6460744515267
42.7671212909978 -18.3408884942082 63.6675527702821
42.8524924703 57.3540256949683 63.6862832514925
43.1180357232998 56.3054247239148 63.7021431502506
43.2202970983449 -7.74367416543968 63.7150171320972
43.0770618056975 -56.5297643585363 63.7248014305743
42.8692101588436 -33.5988508771411 63.731408626777
42.8653833003778 32.967272943035 63.7356263791112
43.0903107173876 64.5510045155661 63.7477981802383
43.2426766494412 1.67883202089378 63.7581132677428
43.1030683708471 -61.514536464982 63.766591942418
42.8926720974527 -28.293007967416 63.7732463941818
42.9132396203043 35.4071847438057 63.778077908516
43.1157500455903 57.3713341507404 63.7810805015187
43.3202080985321 38.3628863426695 63.7822551104699
43.3804079120102 -10.7877255076631 63.7816212093113
43.2502743359194 -47.9362623194407 63.7792246636682
43.0501020275095 -48.2922352425638 63.7751459470164
42.8890825072489 -25.4700210460273 63.7757666533389
42.8942436909699 29.669855370396 63.7833981586048
43.0911808121161 58.1182536373947 63.7955451530208
43.2564811469777 15.5509663064951 63.8109239887737
43.1935641184179 -43.1513622695416 63.8246909295121
42.9809632427198 -51.8215444645241 63.836815836395
42.8521108263547 -6.74524083385568 63.8472685152204
42.9343476405611 43.3330046039229 63.85601921382
43.1339573792817 47.0427687682548 63.863039220925
43.2463790333816 4.03338056498352 63.868301567045
43.1669078651057 -38.6478676984464 63.8717818192529
42.9885538473872 -46.8057542109139 63.8806341101517
42.8091829150404 -38.4708871489693 63.8929056765991
42.7292617124136 3.02707841048358 63.9053442484704
42.8321432658976 43.6104694373978 63.9177370408903
43.0306468215901 52.1079417111387 63.9298394150115
43.2284194430975 41.6936271769618 63.9413892884908
43.3155607485999 -1.93110840352704 63.9521211982926
43.2184193528964 -41.7952294837156 63.9617793083912
43.0289589738226 -48.8303487243145 63.9701271084723
42.8409724611344 -43.7018200843298 63.9769487301172
42.7096966008645 -16.7050062251929 63.9820478182148
42.7278600586026 24.4667773179219 63.9852481386714
42.870225660809 41.4778969061663 63.9863921476356
43.0373926193934 40.2870145040628 63.9853411668831
43.159277630772 14.8125187008797 63.9819792604912
43.128700789501 -29.4713256915067 63.9762099160265
42.958091492513 -49.860139969691 63.9679512054396
42.7575873220793 -48.3068994793648 63.957132270627
42.6042792668517 -23.5443744466394 63.9436915167906
42.5864438180937 13.528587938898 63.9275767129347
42.6858820136274 31.9517415220237 63.9087474539337
42.8172558571088 32.3342492381207 63.8871843778584
42.935219737559 24.2635916572067 63.862912715314
42.9832258792759 -2.88666536914774 63.8360216449034
42.9130695264107 -29.4120080620523 63.8066814006497
42.7766185496249 -36.202998016505 63.7938402635106
42.6391253935245 -29.4643081875174 63.7943694853708
42.5694703034399 -2.47396274793002 63.7925203325532
42.6252208040722 28.4015238405237 63.788376986176
42.7642458643648 36.4476521567083 63.7820519570185
42.8804435972593 16.1930795668036 63.7736883706338
42.8626479643238 -25.8118382252814 63.7634618066534
42.6998719964683 -47.9657248011208 63.7684898320511
42.5601040776639 -13.8137965752234 63.7816903633523
42.6132908095847 37.7141385513128 63.7929675210439
42.7897086173771 36.8654544619277 63.8020636173332
42.8356552763841 -16.1510835056971 63.8088078408485
42.6891537045246 -47.868665819626 63.8131328299288
42.5350927658822 -22.7654848503218 63.8150648190179
42.518715895952 12.0946063156164 63.814711624656
42.6022670236233 26.4445115242191 63.8122539110812
42.7125372528864 25.4606077993091 63.8079361337217
42.762089428673 -5.33001304612935 63.8020531617352
42.676540748356 -30.1571545900336 63.7949353996009
42.5986746703825 -1.22513893391139 63.7869015662524
42.6718873421693 31.2685701887209 63.7782083973388
42.7697604690766 8.88239623919591 63.7690447682896
42.7253766942748 -25.8703951716107 63.759531573434
42.6359736263539 -10.457087961194 63.7497249547617
42.6618797170828 20.8707321031432 63.7396239238768
42.7648138044442 24.1934339965557 63.729181114392
42.8047643426707 -7.91463310965946 63.7183164454016
42.71931340681 -26.9176646993491 63.7069311220258
42.6577784729581 1.46254056830598 63.6949244709503
42.7294874793125 28.9047872152769 63.6837456798526
42.8231932913172 10.6876008523794 63.6775842650486
42.7999834766087 -18.7741118548884 63.6690566730809
42.7186517033302 -16.2988043081355 63.6582187635292
42.6997674736896 8.27180356324259 63.6451384169612
42.7669749249818 19.8743312691434 63.6298925302824
42.8203309412911 4.97633307510576 63.6125620216951
42.810307822763 -8.780996841089 63.5932276253292
42.7589647434282 -15.8113719495726 63.5719666547459
42.6981457817596 -11.961749666662 63.5488507068946
42.6795045239299 3.30556754958746 63.5239443526888
42.7175965711038 13.8022327852881 63.4973048042096
42.7763161757005 14.3882389909887 63.4689823983048
42.8214408968059 6.40064320425652 63.4390217635739
42.817417075116 -8.45223649573764 63.413108941812
42.7641387233713 -16.2099241971501 63.3888129341769
42.6990741429817 -15.5802652505833 63.3645066091768
42.6437809651761 -11.6589164360456 63.3409421340898
42.608293966835 -5.94237761960875 63.3199361538653
42.5959730236302 -0.320384682533933 63.2985891360862
42.6057255497821 5.32716729125637 63.2769881689566
42.6396777283451 11.6351460255749 63.2552189668717
42.6964813620566 16.2428957481216 63.2333655553165
42.7644517054606 16.968565474844 63.2285463993791
42.8203167459087 8.63031208249204 63.2345876575805
42.8186717099769 -9.99218738385346 63.2372946169851
42.7501041464865 -21.404464037547 63.2366032101614
42.6799168989126 -9.72502980047719 63.2324925929446
42.6899868542774 14.738901349425 63.2249721285225
