# Fix print output for fix writeZ
66.843 -537.894048846143 62.0685
64.6916242017871 -537.137291097207 62.0911102865177
62.7533637400803 -256.240901963274 62.1132750230551
62.5984580205557 41.5738754718509 62.1348184258525
63.1911765920598 205.314210485642 62.1555615209212
64.1260502049086 247.270949928991 62.1753250819907
65.1291458063341 252.194164588828 62.1968658599262
66.1379224646894 252.194164588828 62.2197050571543
67.1466991230446 252.194164588828 62.2443728951247
68.1554757813999 252.194164588828 62.2713044797146
69.1642524397552 252.194164588828 62.300672406999
70.1730290981104 252.194164588828 62.3323677110696
71.1818057564657 252.194164588828 62.3660814408309
72.1905824148209 252.194164588828 62.4014035324199
73.1993590731762 252.194164588828 62.4379366200806
74.2081357315315 252.194164588828 62.4754036324008
75.2169123898867 252.194164588828 62.5137195725409
76.225689048242 252.194164588828 62.5528710053956
77.2344657065972 252.194164588828 62.5926891063488
78.2432423649525 252.194164588828 62.6328037045243
79.2520190233078 252.194164588828 62.6726514822914
80.260795681663 252.194164588828 62.7116114439821
81.2695723400183 252.194164588828 62.7491289643181
82.2783489983735 252.194164588828 62.7847436365984
83.2871256567288 252.194164588828 62.8181041841377
84.295902315084 252.194164588828 62.8489697657381
85.3046789734393 252.194164588828 62.8771916664821
86.3134556317946 252.194164588828 62.9026738679278
87.3222322901498 252.194164588828 62.9253569692824
88.3310089485051 252.194164588828 62.945211021502
89.3397856068603 252.194164588828 62.9623657546401
90.3485622652156 252.194164588828 62.9866225659606
91.3573389235709 252.194164588828 63.0079516689128
92.3661155819261 252.194164588828 63.0262620041542
93.3748922402814 252.194164588828 63.0414193051932
94.3836688986366 252.194164588828 63.0532445536603
95.3924455569919 252.194164588828 63.0615360501115
96.4012222153472 252.194164588828 63.0661243494154
97.4099988737024 252.194164588828 63.0668989851568
98.4187755320577 252.194164588828 63.0638649940605
99.4275521904129 252.194164588828 63.0617576882293
100.436328848768 252.194164588828 63.0625132345708
