# Fix print output for fix writeZ
66.843 -537.894048846143 62.0685
64.6914238046121 -537.891303671567 62.0911102865177
62.563933317811 -516.61957217516 62.1132750230551
60.8916383146046 -186.941297020855 62.1348184258525
60.2931762483888 -189.583976624451 62.1555615209208
59.3196695554046 -244.667324901275 62.175325081975
58.3845252600629 -109.435807041948 62.1968658599262
58.2589041817295 -15.1209617213081 62.2197050571543
59.0396535294763 328.344903742768 62.2443728951247
60.0872161710307 235.30547126179 62.2713044797146
61.0738124729478 281.701107049901 62.300672406999
62.0698253795358 235.249777669669 62.3323677110696
63.1145419437788 279.786526837143 62.3660814408309
64.3337361491246 319.613256428468 62.4014035324199
65.6210266794048 322.313230891148 62.4379366200806
66.9102796029694 322.313230891148 62.4754036324008
68.199532526534 322.313230891148 62.5137195725409
69.4887854500985 322.313230891148 62.5528710053956
70.7780383736631 322.313230891148 62.5926891063488
72.0672912972277 322.313230891148 62.6328037045243
73.3565442207922 322.313230891148 62.6726514822914
74.6457971443568 322.313230891148 62.7116114439821
75.9350500679213 322.313230891148 62.7491289643181
77.2243029914859 322.313230891148 62.7847436365984
78.5135559150505 322.313230891148 62.8181041841377
79.802808838615 322.313230891148 62.8489697657381
81.0920617621796 322.313230891148 62.8771916664821
82.3813146857441 322.313230891148 62.9026738679278
83.6705676093087 322.313230891148 62.9253569692824
84.9598205328733 322.313230891148 62.945211021502
86.2490734564378 322.313230891148 62.9623657546401
87.5383263800024 322.313230891148 62.9866225659606
88.8275793035669 322.313230891148 63.0079516689128
90.1168322271315 322.313230891148 63.0262620041542
91.4060851506961 322.313230891148 63.0414193051932
92.6953380742606 322.313230891148 63.0532445536603
93.9845909978252 322.313230891148 63.0615360501115
95.2738439213898 322.313230891148 63.0661243494154
96.5630968449543 322.313230891148 63.0668989851568
97.8523497685189 322.313230891148 63.0638649940605
99.1416026920834 322.313230891148 63.0617576882293
100.430855615648 322.313230891148 63.0625132345708
