# Fix print output for fix writeZ
66.843 -537.894048846143 62.0685
64.6914238046155 -537.894070832538 62.0911102865177
62.559252776282 -521.255865204026 62.1132750230551
61.1332190445718 29.099559944995 62.1348184258525
61.4201064953208 93.8413491055264 62.1555615209208
62.3398136672957 304.313038149503 62.1753250819749
63.9611459499978 460.219169304093 62.1968658599262
65.8161840669186 464.469557405884 62.2197050571543
67.674062296542 464.469557405884 62.2443728951247
69.5319405261654 464.469557405884 62.2713044797146
71.3898187557888 464.469557405884 62.300672406999
73.2476969854122 464.469557405884 62.3323677110696
75.1055752150356 464.469557405884 62.3660814408309
76.963453444659 464.469557405884 62.4014035324199
78.8213316742824 464.469557405884 62.4379366200806
80.6792099039058 464.469557405884 62.4754036324008
82.5370881335292 464.469557405884 62.5137195725409
84.3949663631525 464.469557405884 62.5528710053956
86.2528445927759 464.469557405884 62.5926891063488
88.1107228223993 464.469557405884 62.6328037045243
89.9686010520227 464.469557405884 62.6726514822914
91.8264792816461 464.469557405884 62.7116114439821
93.6843575112695 464.469557405884 62.7491289643181
95.5422357408929 464.469557405884 62.7847436365984
97.4001139705163 464.469557405884 62.8181041841378
99.2579922001397 464.469557405884 62.8489697657381
101.115870429763 464.469557405884 62.8771916664822
