# Fix print output for fix writeZ
66.843 -537.894048846143 62.0685
64.6914238046254 -537.886933174075 62.0911102865177
62.5614183708197 -518.183131485346 62.1132750230551
61.1526537755693 83.207250218119 62.1348184258525
61.3107834888378 -192.692792742251 62.1555615209208
60.6253007938261 -135.372668041092 62.1753250819749
60.1272547825213 -64.6266165512888 62.1968658599262
59.8871784398768 -52.892830986086 62.2197050571543
60.6087981752485 311.448079594352 62.2443728951247
61.7537405688748 277.906385706312 62.2713044797146
62.987143465556 386.427239399258 62.300672406999
64.603670406107 408.989435709155 62.3323677110696
66.2396529683156 408.995640953123 62.3660814408309
67.8756355321281 408.995640953123 62.4014035324199
69.5116180959406 408.995640953123 62.4379366200806
71.1476006597531 408.995640953123 62.4754036324008
72.7835832235656 408.995640953123 62.5137195725409
74.419565787378 408.995640953123 62.5528710053956
76.0555483511905 408.995640953123 62.5926891063488
77.691530915003 408.995640953123 62.6328037045243
79.3275134788155 408.995640953123 62.6726514822914
80.963496042628 408.995640953123 62.7116114439821
82.5994786064405 408.995640953123 62.7491289643181
84.235461170253 408.995640953123 62.7847436365984
85.8714437340655 408.995640953123 62.8181041841378
87.507426297878 408.995640953123 62.8489697657381
89.1434088616905 408.995640953123 62.8771916664822
90.779391425503 408.995640953123 62.9026738679279
92.4153739893154 408.995640953123 62.9253569692824
94.0513565531279 408.995640953123 62.9452110215022
95.6873391169404 408.995640953123 62.9623657546401
97.3233216807529 408.995640953123 62.9866225659606
98.9593042445654 408.995640953123 63.0079516689128
100.595286808378 408.995640953123 63.0262620041542
