# Fix print output for fix writeZ
66.843 -537.894048846143 62.0685
64.6914239252234 -537.864748123514 62.091110286524
62.5734326406979 -507.004018140734 62.1129645140074
60.6422223532294 -448.055473620659 62.1336937699771
58.8390188922802 -446.67408371377 62.1545928010006
57.3240400627538 -258.55457914519 62.1752554082683
56.207180587246 -354.08896312891 62.1968658599262
54.8099259362762 -225.917632965615 62.2197050571543
53.9878350926217 -213.800940635459 62.2443728951247
53.1599868287252 -288.138965908164 62.2713044797146
51.8271456678471 -329.765222013191 62.300672406999
50.543521272289 -323.808418647536 62.3323677110696
49.7905150161295 -2.98369094977165 62.3660814408309
49.4169229862334 -162.632763463889 62.4014035324199
48.7495935598482 -153.022929835999 62.4379366200806
49.0102278936757 198.432451984543 62.4754036324008
49.7636903488574 148.635399866923 62.5137195725409
49.0683113160709 -336.699309042613 62.5528710053956
48.3258224351613 -88.4657355274837 62.5926891063488
48.1014823510632 24.3742864162216 62.6328037045243
48.1722999371966 10.4831778078872 62.6726514822914
48.4405821556098 60.7167999446681 62.7116114439821
48.869166697126 263.897794095191 62.7491289643181
49.9536664018466 63.5335559776881 62.7847436365984
49.0766932057017 -288.24475245883 62.8181041841377
48.1518103291262 -181.523569791304 62.8489697657381
47.4156308801012 -157.497849713796 62.8771916664821
46.9693941588035 -96.6072551234865 62.9026738679278
46.6952520499763 31.4200624455545 62.9253569692824
46.9556375069375 -0.601082424670643 62.945211021502
46.8397437816876 20.9825825522528 62.9623657546401
47.0708529437662 -25.4941473955399 62.9866225659606
46.4782250644056 -174.480211815383 63.0079516689128
45.8515438262618 -148.94564286995 63.0262620041542
45.1945534198492 -181.360151921061 63.0414193051933
44.5543721720281 -136.233194501288 63.0532445536604
44.0257249536812 -123.249488502778 63.0615360501115
43.5434871888869 -117.277361343713 63.0661243494156
43.0659367363972 -131.492055113079 63.0668989851571
42.5545404289499 -115.306256614147 63.0638649940612
42.1466208383377 -81.0837781073366 63.0617576882293
41.88948062065 -66.4931444065747 63.0625132345708
41.4942106126658 -123.987474954031 63.0606325021661
41.1740880334662 9.88260932900813 63.0562903495249
41.5541383216832 129.772364673266 63.0524159039441
41.8188418383889 -29.8142693571233 63.0509818396373
41.4388231222911 -116.919622439928 63.0483166192375
41.1783795188384 -0.472181136470959 63.0532364273147
41.3706276403767 78.677030266889 63.0801662322567
41.7099179868077 91.8043047364873 63.1046764027813
42.1412347546299 127.347610079908 63.1270019349026
42.6905491850428 139.082060214483 63.147389967117
43.2215081336677 120.678953629017 63.1660680103805
43.5295325261051 17.3903471257522 63.1832270963081
43.3173735494424 -112.180654353139 63.1990219301197
42.7731004908355 -145.838521228501 63.213570338116
42.2473278758555 -102.392794416424 63.2269608599137
42.0202065925474 -18.2686695400708 63.2392580140393
41.9482173515771 -34.7748651946869 63.250507589373
41.7378958608436 -62.6413107016839 63.2607406991588
41.5157692521769 -43.9475536976078 63.2699767808367
41.4144669971575 -3.60812646193477 63.2782258552599
41.4983125305879 44.5829082482122 63.2854902547231
41.6982439126856 39.6302612427622 63.2917660263804
41.7974082020645 16.5801962214642 63.2970452919291
41.8465739565816 4.7217040569969 63.3013191047951
41.846252861368 4.91225254001027 63.3045782013093
41.9008274728205 7.66207722291032 63.3068130104166
41.8403741174368 -31.814198657357 63.3080130108236
41.7460072412083 -12.3581677797874 63.3081656903453
41.6638430161268 -38.4322181958449 63.3072550029497
41.4384961280815 -61.5060617773524 63.3052589878181
41.3050784090588 3.04154231348189 63.302146477975
41.4279243718323 46.9312908624086 63.297872532748
41.6117775069508 43.8733188284222 63.292372079815
41.7760630016125 32.9423261870985 63.2855514845633
41.800281710314 -28.9490009786028 63.2772776544525
41.529362747327 -101.792373021533 63.2673641034999
41.1369071773153 -65.2741134371994 63.2555531514108
41.1430567802073 69.273089755017 63.2414929933627
41.5453281950198 95.8462132284557 63.2247321279821
41.6957941144159 -28.7631707505356 63.2048178663973
41.3784681583014 -109.613167122933 63.2098173584599
41.0008381718835 -67.9858787825017 63.2374742188117
40.8387649433262 -21.0417681490925 63.261481779875
40.7596624810755 -24.1725560471057 63.2817248157373
40.6508809417052 -23.7174238045666 63.2981127884476
40.6331857288208 20.0192355073328 63.3105732404483
40.8035090929109 58.7883487221542 63.3190600731677
41.0449900918031 57.5614041028237 63.3235673073396
41.2514205798572 46.1211628256583 63.3241468094448
41.4204919202418 39.2229194054443 63.3209270247323
41.5700377293314 35.7554615035341 63.3141043349254
41.7036403564265 29.7127450941895 63.3039068214666
41.762444100424 -8.24050352632946 63.2905785302535
41.6067802273265 -67.3968485812148 63.2743687280777
41.2831430185745 -86.5781761184127 63.2555220305181
40.9538766946683 -70.5522730006525 63.2342696956343
40.7693833840601 -20.7823823839006 63.2167843158022
40.7446054347716 -1.70201118758021 63.2219086731653
40.6957530027543 -25.1311137028759 63.2243785594645
40.5715415860717 -27.5436866494115 63.2241722118197
40.5485659881499 20.3414492598367 63.2213021995342
40.722229442892 59.6457770206167 63.2158104275555
40.9608229188786 55.0309909835223 63.207761538972
41.1507777187321 40.398436496041 63.1972381482768
41.2914935964785 29.8885380341023 63.1843372832278
41.3603219389339 -0.717253611098633 63.1691660855938
41.267111812961 -43.7284660412379 63.1518375637401
41.0512048089904 -60.2535470411678 63.1564542363637
40.8055387893691 -58.7018507235778 63.1611105948883
40.6109357677535 -37.2991448005582 63.1629351006898
40.516270172433 -8.43185374972477 63.1619948005529
40.5433970897193 19.0251422346278 63.1588212975387
40.6404149884951 28.6736039868632 63.159968947455
40.8006534076455 55.4681418593581 63.1621066962633
41.0725999816916 74.0234255578105 63.1626989318196
41.3424284032417 52.416164605699 63.1617566385753
41.4371010692498 -6.85600655468827 63.1592961206763
41.3102954954517 -50.6425011549552 63.1573553348866
41.0657084602217 -70.7130730311725 63.1546001482206
40.7670829971459 -69.3326907266565 63.1500328247195
40.5854165866869 -18.7935028882052 63.1437293191456
40.5811202835645 7.59273904991344 63.1571507622593
40.5873491347153 -6.75187181625693 63.1746826044189
40.5605386023739 1.79921150252616 63.1895681240445
40.6534358407465 43.5248112468111 63.201753983956
40.8278788187779 32.4992883881936 63.2112151495067
40.8813442936472 -3.56915987615214 63.2179558654278
40.8273159448746 -19.7529685717377 63.222009225826
40.7582329980524 -7.49616030123379 63.2234353182267
40.8354899320199 52.7432511121705 63.2223180329859
41.1791696935925 110.367637239811 63.2243377654206
41.6234228159907 101.45418890989 63.2347286793134
41.8930496889793 25.3225745340064 63.243945205268
41.8247404762257 -52.5701205401142 63.2519979823978
41.5497409511814 -75.7322476897507 63.2589126470394
41.2512789881744 -70.6768663609691 63.2647291686652
41.0451640787923 -24.069017920266 63.2695007637504
41.0939319933357 48.2426286892372 63.2732971366682
41.3786508582725 83.0073191244845 63.2762046220335
41.7195870843129 85.8576594804915 63.2783184502041
42.0113178473089 50.5564278105076 63.2797334560671
42.0788836159629 -15.4543072523351 63.2805346628572
41.9551115874307 -33.6247772247262 63.2807886257272
41.887668486158 4.05385313081571 63.2805363919638
41.9969508428505 49.7434772333481 63.2797887990395
42.241382137465 61.3848823691045 63.2785246101687
42.4117585498639 20.8446716618223 63.2766916867943
42.4357857294942 -1.26309364868182 63.2742110573962
42.4537235003987 12.8590789463651 63.2709834230229
42.5223785650606 15.7279310897468 63.2668973875212
42.5273254145218 -17.9815872357694 63.2618385697318
42.3704416168616 -57.8517895400177 63.2556987038297
42.114916631073 -61.7091369493574 63.2483834856268
41.924705895698 -29.7341448856745 63.2398149011288
41.8891826333884 11.901420148543 63.2299285286975
42.0106822130535 46.4331127263493 63.2186756950162
42.2263697739571 53.9893480332271 63.2060281062756
42.3803078992655 18.5796844292596 63.1919836800502
42.379148485815 -14.6181015004638 63.1765687587289
42.3015290097281 -22.1299063688632 63.1598389476692
42.2015641709758 -27.7058221072696 63.1418792048974
42.0914111408044 -24.8905572981733 63.1228031337932
42.0170011200857 -12.5415240802082 63.1027514042022
41.970935827315 -14.2407376951318 63.0965095284029
41.8818592772068 -29.8092202017487 63.1042304032923
41.7638117900622 -24.3265921963995 63.1101179790475
41.7063462253078 -4.35359694524214 63.1140499775576
41.7260522911337 14.0819984810034 63.1205682673571
41.8167512120977 30.1108370236034 63.1498875159692
41.9410241845795 27.490687293295 63.1783374364624
42.0138152123844 8.14566655872812 63.2057787980283
42.0149660450011 -5.34693476699861 63.232091309084
41.9799596577027 -13.6927757583033 63.2571735152002
41.88775314447 -32.4607320260817 63.2809425349165
41.7363931207619 -40.1497048907528 63.3033343079291
41.5812153085134 -37.0490993177944 63.3242972760387
41.4496570294758 -25.6364613677058 63.3437865498314
41.4150902401167 12.3828356861247 63.3617635191917
41.5476411133851 47.333273226111 63.4028153830336
41.7075606139113 23.5726212649503 63.4421418136672
41.7193501176246 -14.1929982179494 63.4795266410794
41.6383578041926 -22.1024828555365 63.5148307995694
41.5491152951325 -22.6438158332756 63.5479169461923
41.4581042573615 -22.4956002578223 63.5786528307745
41.3694008504697 -22.1736290001638 63.6069134819375
41.2775315476767 -23.6220900862637 63.6325765851295
41.1860807188597 -21.8114549329262 63.6555184006979
41.1006302257336 -21.3296916176834 63.6756146123311
41.0189582968464 -17.1291240918212 63.6927419622829
40.9909979621421 5.15976212253073 63.7067804589971
41.0530231702271 22.7660620314691 63.7176163054509
41.1476612888696 22.6277080251644 63.7251456788469
41.2329135997061 20.2272398873671 63.7292796775077
41.3043016419795 14.6167506500858 63.7299524459467
41.3465738600302 6.40299901802526 63.7338708669923
41.3540954574214 -2.86367148733841 63.7413369816178
41.321109439787 -13.6791264672298 63.7470149039858
41.247554120047 -22.3201961277095 63.7501783203823
41.1540763985114 -23.0195367148376 63.750856674889
41.0649159823607 -21.4963041076117 63.7490756831322
40.9911665340987 -13.5213462174809 63.7448581552329
40.9712274791821 5.07642497820643 63.7382351731913
41.0369340589806 27.3610439492738 63.7377262328877
41.1779172725611 40.0050960985016 63.7441513232377
41.3290067581365 33.1084507103652 63.7495645651244
41.4365142243356 20.7885436909064 63.7541099882421
41.4903788992994 4.76975021368062 63.7579291059529
41.4681461918208 -15.6218653206679 63.7611561551061
41.3856151635233 -20.5586625091878 63.7639241852587
41.34117656542 0.537964566450625 63.7663687445402
41.3800295884157 14.983887537411 63.7686263920032
41.4304641738347 8.01649196116378 63.7708327303356
41.4421255901089 -1.37544669547316 63.773120106703
41.423459042279 -7.77151825855601 63.7756137904408
41.3880778724614 -7.51870706601433 63.7784292596787
41.3865826807651 8.44968802070921 63.7816706923272
41.4496104928714 20.9638166224984 63.7854295367947
41.5426346812076 25.218095952751 63.789781624038
41.6510814249983 27.3905937901486 63.7947562834306
41.7259893731581 5.3626120578099 63.8002923167037
41.684659195778 -22.755422412341 63.8062402793287
41.5962407913293 -14.3110289787314 63.8123766051095
41.5997105779228 15.7360260570608 63.8184137190508
41.6976641193765 28.6242098257876 63.824006483783
41.7963293233694 18.0194289376607 63.8287586414096
41.8321188741428 0.337176298016117 63.8322312500853
41.809415387757 -10.4424808607277 63.8339893570605
41.7536741104708 -17.1394146407449 63.8492218673962
41.6831551807529 -14.9104859178405 63.8653908963864
41.6592792355684 4.39211256314718 63.879590590457
41.7072850338181 15.7892741539514 63.8916565689002
41.7517039789585 3.33399187166715 63.9014495381635
41.7278514933297 -13.8999790023427 63.9088595132212
41.6627238389487 -15.1247526483596 63.9138100907683
41.6315641143886 1.57521168112478 63.9162594891072
41.6762826941284 18.4429382239942 63.9161980897624
41.7433641034433 9.91576044557238 63.9136467888565
41.7324838367522 -14.722090107015 63.9086548231129
41.658373997099 -16.2514889641513 63.9012958392509
41.6386652010182 7.75957506850456 63.8916626267377
41.703798782363 20.1869078831798 63.879861056808
41.7616877935194 5.25462992693683 63.8660037989863
41.7362269983885 -16.9296397275044 63.8502047639123
41.6522344732316 -20.0216940355817 63.8325750028353
41.6133189281764 3.08354240076768 63.81321995179
41.6685149434247 20.2065500718249 63.7922417306975
41.7329898606891 7.68754332972781 63.7697407456067
41.7156138777963 -15.3819095354186 63.7458189657094
41.6397890618125 -17.0470589247938 63.720598961338
41.6128059309952 5.08292661703899 63.7209269306362
41.6701880871048 20.1093516437665 63.7392408647818
41.7395775045585 10.838440714413 63.756445562428
41.7429336106157 -8.76824309209677 63.7723618088586
41.6855554541895 -16.9462476976447 63.7868590623405
41.6280770014771 -10.0872881231005 63.7998510165967
41.6136204589008 3.37365052053125 63.8112816649825
41.6522149570271 14.4412484212427 63.821112625763
41.7062308143693 8.96513206510161 63.8293126281977
41.7035621901126 -11.0336084928758 63.8358501253688
41.6299241207829 -22.2586903601607 63.840687907783
41.5577049474974 -10.6170406644625 63.8437807147969
41.5555713805665 8.96507298516445 63.8450792727218
41.6109452642737 15.031826161348 63.844537153418
41.6481904531277 1.59763978988238 63.8421180773009
41.6245535705793 -11.9302078549003 63.8378031278274
41.5665474023548 -15.1611469253998 63.8315988993905
41.5221708385302 -4.5303878354783 63.8235296305275
41.5383705788442 11.2149095117914 63.8136242040309
41.5827634437468 6.40301153723425 63.8019133815755
41.5673988165882 -13.9268918711267 63.7884275981275
41.4959613345395 -16.8605103102506 63.7731943128416
41.4654884359989 3.46911720391445 63.7562382842952
41.5134932472385 16.5917302787009 63.7375710684031
41.5642340989478 6.13825628333597 63.7171846789399
41.5615627687287 -6.32925582744036 63.6950551046286
41.5211961367114 -13.2582664778438 63.6711451171274
41.459450257159 -16.8410361979053 63.6454080044849
41.3971416030972 -12.3749785891986 63.6177926208215
41.3778732018714 4.5913056212022 63.5882515096943
41.4370846017392 23.3162464159355 63.5567504805482
41.5296461832261 17.1393311013782 63.5232803726152
41.5426126849096 -11.5186874403748 63.5021030008382
41.4570221002521 -26.1709835965367 63.4978708735219
41.3733093236805 -12.6791362591077 63.4916362096316
41.3605088805505 5.01325984056335 63.483087691939
41.3975976298145 11.7009962658528 63.4719523168821
41.4447069355568 10.9428606853035 63.4580103789222
41.4731635088157 1.45049744387207 63.4411103023312
41.4479003491658 -13.8309359734496 63.4211786815265
41.3776338248353 -18.012996097764 63.3982263750362
41.3298522107987 -3.61044342346039 63.372349054546
41.3532148433014 14.041114995234 63.3437153558846
41.418752352558 14.7000174110534 63.312513294731
41.443852850016 -3.8610793473407 63.2791710369387
41.3939988688506 -17.7891584992477 63.2594719554449
41.3371996714384 -6.54872533168708 63.2629450198069
41.354957823577 14.2247629030695 63.262275984108
41.4215040970011 14.0347466876024 63.2574394763514
41.4375687987974 -7.2553073588318 63.2484838084174
