# Fix print output for fix writeZ
66.843 -537.894048846143 62.0685
64.691594003372 -537.214227002826 62.0911102865177
62.710221229509 -326.189578867533 62.1132750230551
62.0182750103638 -118.791630765738 62.1348184258525
61.6166814737989 -126.987052274238 62.1555615209208
61.3729346227 71.3648215505762 62.1753250819754
60.6807563638775 -447.064337896544 62.1968658599262
59.7892653698528 104.658892150316 62.2197050571543
60.2874774729793 160.734086653545 62.2711245869348
60.9605380911302 133.416903966816 62.3300205755097
61.4579422102849 6.29634034568294 62.3860065697087
60.2549072965951 -380.230821823879 62.4389373347298
58.8885344077263 -317.455542513785 62.4892831143004
57.5652909645222 -362.837557354294 62.5375350588707
56.6757465114924 210.252606739371 62.5838008751032
57.9624652363208 199.568227454669 62.628049960931
58.0629997062327 133.219399025244 62.6703557588622
59.2686343222183 311.039321055725 62.7107861899161
59.5711643667027 -104.889916965233 62.7493470197046
59.1449996544967 -120.107765649271 62.7859787542285
58.5791274058133 -112.048517373437 62.8205775171522
58.3969988078513 -60.3882731478475 62.8530111599711
57.805920733589 -165.982020485234 62.8831308406186
57.2048275351124 -150.276029279537 62.9107785148534
56.8808315763702 58.0178961243993 62.9357886836239
57.3520610724002 119.109674497776 62.9579932321864
57.8072635581988 112.643134134325 62.9772319494959
58.4752716145576 252.335899966283 62.9933663671664
59.5340846382683 189.505581116126 63.0062824367473
59.2756106879209 -219.275804815795 63.0158890771225
58.3568473766751 -224.909204868958 63.0221167888368
57.6077845263305 -142.292447882336 63.0249179025684
57.1119204140401 -114.479993485028 63.0242680476389
56.6854484312513 -69.100559517613 63.0262620041542
56.8566543529464 133.538400668097 63.0414193051932
57.5067996735028 186.492927285438 63.0532445536603
58.3237742082083 199.159110942812 63.0615360501115
59.0238839602266 162.265453688348 63.0661243494154
59.6741198223484 157.484212867062 63.0668989851568
60.156095446751 75.3990266903335 63.0638649940605
60.3676075933163 50.9676616122785 63.0617576882293
60.6030270970823 62.8395168970775 63.0625132345708
60.8767422295752 68.4701270623691 63.0606325021661
61.0041082333945 -21.0317863060897 63.0562903495249
60.6996382135603 -119.62488849171 63.0524159039144
60.1612698340981 -138.835822610018 63.0509818395861
59.6445715373825 -119.821851761759 63.0483166191496
59.1842881296235 -111.045870980698 63.0532365324724
58.7504640923441 -107.293302590315 63.0801663850109
58.2747253236792 -138.622072362497 63.1046766213583
57.6593237249605 -151.803498685326 63.127002243046
57.1311738880401 -116.444992532391 63.1473903949461
56.7326399001164 -64.5628161775359 63.1660685949038
56.7607717277091 78.4337303654475 63.1832278819482
57.1977794838602 118.012463439377 63.1990229696817
57.6784678554164 124.041722218269 63.2135716938006
58.0926524124986 68.0289815798725 63.2269626081786
58.2158360024787 2.59375878713498 63.239260249631
58.2176079190763 9.72288444075521 63.2505104282141
58.3054254408059 25.9951123594125 63.2607442812343
58.3770252308659 8.76568214449664 63.2699812729843
58.3450210503599 -29.5836604231411 63.2782314537301
58.1507516221563 -58.5372362932757 63.2854971874694
57.9219001505821 -61.886844946326 63.2917745548201
57.5931353605878 -104.168835977301 63.2970557101907
57.1478192704971 -102.995487333291 63.3013317384894
56.8138990756658 -66.0349752717823 63.3045934056008
56.6317800015579 -19.0514522320662 63.306831169195
56.710029886406 58.2161647290337 63.3080345364289
57.0587012841722 109.41116215562 63.3081910244095
57.5487267345262 131.933554583668 63.3072846420123
58.0369117706645 101.112965359076 63.3052935235455
58.3531823275493 65.207629206293 63.3021866139207
58.6217032054181 71.4749509276919 63.2979191019156
58.9236140383814 79.1694659929012 63.2924260656689
59.2773623589767 103.773120208361 63.2856140466159
59.7718976599222 137.847151325657 63.2773501602809
60.2994773086589 122.439580127164 63.2674481698818
60.7406171989953 90.4372992695956 63.2556506984378
60.9499976355951 13.7188257299115 63.2416063166705
60.8941186882018 -40.6011159003931 63.2248639320609
60.6019445368321 -104.450358801677 63.2049712003128
60.1429936605914 -106.674582940155 63.1993689466119
59.8051184675477 -65.0121522940203 63.2263149592702
59.5792483065775 -51.9353519716925 63.2495620269655
59.3860863793207 -44.3814845732309 63.2690054632309
59.2376851104572 -27.7269447037868 63.2845594050174
59.1686834293895 -7.06955704370762 63.2961545820669
59.1810242337441 13.2884378576038 63.3037466973134
59.2712214837983 30.8760793194995 63.3073299991637
59.4305499010328 52.5126818901937 63.306954996134
59.7246724379563 95.3407348267674 63.3027485601041
60.1541111167144 111.38069058256 63.2949135655135
60.5840742720957 100.277236356646 63.2836890798779
60.9036424899718 53.7654559842417 63.2693293974871
61.0148720278268 6.99054578643138 63.2520925244799
61.0008879193517 -12.0247924314997 63.2322299682976
60.9211344812895 -28.0250622727321 63.2099778869628
60.7800129590462 -41.9302796135978 63.193514042533
60.5947092425777 -49.5783542303455 63.1921340969222
60.389504345855 -49.0088871325579 63.1942126254769
60.2551469316839 -13.3334401175247 63.1937652986672
60.2710230937561 14.3373640534752 63.1908125249696
60.3392674758846 18.896452512661 63.1854020729662
60.4244626047775 23.115620290788 63.1776030563658
60.5152983098058 21.9693374117767 63.1675005515108
60.5975942085004 19.0470974118901 63.1551914621874
60.6564630907063 7.96914877080012 63.140780199127
60.6517951161948 -10.1884291421264 63.1453124137113
60.5917794139068 -15.3860345307163 63.1525173574605
60.5701714327806 8.40125566234325 63.1568321332753
60.6511192349652 26.4696212409232 63.1583039050538
60.7542289836411 23.4678769218122 63.1570008227796
60.8272573143119 12.7464049999126 63.1530080137172
60.860133968892 4.01380176556174 63.1464229914915
60.8588003806667 -3.71224855296401 63.1519218870943
60.8499677110809 1.76493866637815 63.160587154399
60.8780603377807 11.4093162566183 63.1673045975193
60.9303314800032 13.9167103231732 63.1720187853719
60.957512116731 -7.36629098384588 63.1746779930067
60.8415441579528 -47.7209691464184 63.1752363556825
60.6532359191165 -31.725835224481 63.1736557661441
60.6678227192363 40.935459814164 63.1699119647679
60.9343557022504 81.5323895383357 63.181537376489
61.266844581349 80.3678523338669 63.2011177599801
61.490525675913 20.1288999994499 63.2179841325477
61.4004604761965 -59.7346510577286 63.2331628230576
61.1002626469384 -81.2476826828617 63.2634952210278
60.7784924250175 -77.2625909299813 63.2931924817607
60.5178824741412 -47.0336437579867 63.3219868037956
60.412144046439 -9.57654954472262 63.3496611375659
60.4093786938524 7.24316065688462 63.3760491549619
60.4697094330314 21.6371573420812 63.4010159150582
60.5671541143066 25.7903198140164 63.424438051621
60.6721216593502 26.2477873163402 63.4462078796216
60.7781498004846 27.0752470708534 63.4662462737925
60.8841780193613 24.4786259073446 63.4845285666196
60.9571431307056 8.32815368995183 63.5010855172065
60.9198598106248 -28.4516810841183 63.5159924250033
60.7444601637966 -54.1956673903182 63.5293612319445
60.5224176522959 -54.2481181929622 63.5413406170661
60.3189905202735 -47.3967907169268 63.5521073571991
60.1424843739441 -39.9649092012594 63.5618533840599
60.0081482240657 -26.3407138468878 63.5707638684824
59.9411478051655 -5.545475269301 63.5790026353956
59.9709515724831 21.570221013115 63.5867089067849
60.1251308373719 56.0162119054039 63.5939969328047
60.4015112773285 78.0526404404422 63.60097415513
60.7297108350157 84.2274141379363 63.607754401506
61.0578887767738 77.9003738210083 63.6144476463483
61.3378626621277 59.9611766803944 63.6211506158876
61.5229671097023 30.0875518459016 63.6279431085203
61.548361776992 -20.069699342609 63.634880072398
61.3672806692084 -66.7551454831404 63.6420193278418
61.0458827217601 -91.1817531703208 63.6494666644714
60.6604187736036 -99.1976729759366 63.6574018851658
60.2646629935463 -97.2179689461045 63.6660778649117
59.8993521883587 -83.938939213071 63.675801199607
59.6011814963668 -63.9268991037128 63.6868922080686
59.3992851774009 -34.3975756195793 63.6996207829313
59.3616645974639 18.3624110301207 63.7141721029316
59.5330643715267 62.4641297346348 63.7306253267419
59.8372212326483 88.3360806568671 63.7489399288029
60.2314561518585 108.12552851965 63.7689853639627
60.6841217787348 114.97409593764 63.7905927645291
61.1389383950887 110.744090202819 63.8136091037456
61.5479995654064 91.3122797804168 63.8379045134943
61.8503391446738 57.7642270583395 63.8632385454236
62.0106537729813 24.1571744094501 63.8892966517007
62.0530556893071 -3.23042397435038 63.915766599847
61.9813216062859 -32.6784853347576 63.9424595246081
61.7969617002287 -58.3189123807816 63.96933065685
61.525939628233 -75.0661749994582 63.9962993875932
61.2115436063884 -81.0038854046906 64.0231918150703
60.8881190238104 -77.9952296518529 64.0497100599995
60.650584407 -30.9029471191733 64.0754416117647
60.6661039923203 34.297807095157 64.0999885164961
60.8587997119686 56.3793180892396 64.1230403516844
61.1005815165147 62.9211989562446 64.1443973541713
61.3497330899449 59.2232195685419 64.164019425492
61.5505585775527 39.0807062665275 64.1820379556658
61.6661615301202 20.8448635035923 64.1987287149938
61.7297293505304 11.4756728672875 64.2145658663796
61.7607166884127 4.36429444954312 64.2301875970338
61.7707160737498 1.87445777994037 64.2462963971254
61.7811841914854 3.2515372974248 64.2634582681703
61.7903134988114 0.191131904936612 64.2819636031119
61.778112720133 -6.69141605640796 64.3018148230552
61.7341832884359 -15.5234931190745 64.3228109788974
61.6497781691048 -27.422486740245 64.3446230391642
61.5165540068742 -38.1919646716265 64.3668329671938
61.3538995473701 -42.1164254111752 64.3889845244318
61.1825415698377 -43.737175920757 64.4106276372813
61.0099252562656 -41.0822608646037 64.4313603645057
60.8658709853264 -29.8146198726358 64.4508660134318
60.7744432992213 -15.8029391173377 64.4689249096761
60.74165084443 -0.212658982446054 64.4853941438989
60.7746965382727 16.6598732329222 64.5001944123982
60.8712732292539 30.7936449337849 64.5132896037267
61.0123511771561 38.39721600785 64.524664505516
61.1665178118782 37.2594661098966 64.534348297274
61.3040937952812 31.0883682102323 64.5424363037109
61.4128854570117 23.1006345410565 64.5490789884844
61.4882121791713 14.835460370766 64.5544669194374
61.5356043072386 9.36695675766127 64.5588130408066
61.5637637660507 4.39591523529329 64.5623326211502
61.5691652924839 -1.31968232867024 64.565229987309
61.5570443487398 -4.46151137131642 64.5676901181281
61.535319452284 -6.05897746690562 64.5698686661767
61.511149056633 -5.73083644454853 64.5718608579558
61.4926603397057 -3.06304629095848 64.5736860934322
61.4883741383717 0.856463696528859 64.575291127703
61.4972653293458 3.16058440495851 64.5765598490538
61.5104079100644 2.99056749560727 64.5773270924427
61.5188566061657 1.19005122448514 64.5773957242958
61.5214900741601 0.674099476432755 64.5765640671277
61.5303612834905 4.13887645229144 64.5746552123013
61.5539413836939 7.30525862599542 64.5715395121626
61.5875313219576 9.59536298340551 64.567153374825
61.6314048569947 12.2262898464758 64.5615034241463
61.6818787702622 12.2454585459717 64.5546641152454
61.7234089842489 8.11300513463019 64.5467681087381
61.7479396389508 4.59428737729792 64.537998956677
61.7638045328135 3.62271104294769 64.5285880566957
61.7766651037764 2.59558593853498 64.5188118722939
61.7842537245301 1.36885425011791 64.5089933007638
61.7893455769272 1.4911071383608 64.4994866242514
61.7977014244639 2.74228453084735 64.4906221550115
61.8106837962844 3.54894298125654 64.4826813870759
61.8241449976163 3.10209024332554 64.4758931424922
61.8345379045862 1.80607475835963 64.4704283894515
61.8338235948663 -2.85584085324172 64.4663899748643
61.8100674508553 -8.63821674654224 64.4638228669127
61.7700845814422 -10.6588155921786 64.4627682548441
61.7294696035545 -9.25599807224335 64.463281181216
61.6982196401016 -6.19190515204279 64.4654263386082
61.6811507045113 -2.21120961420208 64.4692700313163
61.6799621288979 1.31284039685533 64.4748696412753
61.6887603339317 2.6800068409635 64.4822617174859
61.6985469876828 2.0938113776349 64.4914404461796
61.7067720275647 2.37730542310739 64.5023335485982
61.7195610495656 4.02443445042984 64.5148029538615
61.7370814783658 4.14040165035972 64.5286573384399
61.7481203651848 1.26313248271588 64.543666115335
61.7493129799447 -0.125600137450021 64.5595723546751
61.7521946489744 2.15698611220283 64.5761084763283
61.7688239000986 6.24569441146682 64.5930110086932
61.8016020866349 9.89701523734501 64.6100326746535
61.8444621572128 10.9038021580228 64.6269512527937
61.8828644119061 7.47808950250715 64.6435751369275
61.8980663568675 -0.554479160188668 64.6597459241397
61.8746308759498 -11.4024454410473 64.6753385441763
61.805140194684 -23.5830032599296 64.6902581648815
61.6853404466506 -36.1177556069318 64.7044290504194
61.5193132926454 -46.5656778271634 64.7177826666175
61.3173973289675 -53.1824571220142 64.7302526731381
61.1041421374175 -52.5189277274323 64.7417709928594
60.904921055893 -46.1366368442424 64.7522636862669
60.7428702589608 -33.6758843199712 64.7616510640411
60.6513370606526 -10.481905338265 64.769856157862
60.6582914848749 12.4366987194903 64.7768072806614
60.7407135235737 28.1729054239251 64.7824376577351
60.8775377467307 39.1158938928 64.7866842566695
61.0451411732697 44.1557783831532 64.7894888632178
61.2280506897061 46.3327138260597 64.7908010564994
61.4045248896469 39.4826324452459 64.7905809745114
61.4922987880745 -2.7698307085378 64.7888018591209
61.3670659892809 -55.8161879823779 64.7854542730057
61.1086123834022 -65.3786500290716 64.7805504116785
60.8713382788347 -52.3922586906193 64.7741212522446
60.6927304057568 -36.2916199349737 64.7662030943141
60.578625347872 -21.3583003669599 64.7567992234045
60.5237740880808 -3.39462300834316 64.7458647084945
60.5880328343129 38.3951504894126 64.7333157345245
60.8205847580013 72.4058029852654 64.7190399963493
61.1277833602895 78.3814031260534 64.7029050501397
61.4226149227267 64.1387195091737 64.6847666986967
61.5814763589671 11.301244130557 64.6644776994723
61.5328686638009 -27.9625983671166 64.6418989830627
61.4113766875184 -28.7873801479913 64.616910859074
61.3543244760293 5.73296841755566 64.5894379046772
61.46245205563 44.6449888834016 64.5594610113446
61.6654674026434 51.5275601379356 64.5269942176106
61.8471909821299 33.7605298231042 64.4920431117429
61.8982651141573 -8.95118200309096 64.4545983998153
61.7964183961685 -38.993654293895 64.4146426264055
61.5975136832781 -58.8187173207624 64.3721571739465
61.337166268498 -70.5267770382488 64.3271322713853
61.0457134026363 -72.3948702539621 64.2796168773838
60.8031177632142 -43.1832366123229 64.2297958206904
60.7064283081765 -9.16335181415621 64.1780004547481
60.6950565153762 1.62253889468666 64.124662642438
60.7137293713054 7.606134968926 64.0702823287474
60.7577641748658 14.6522078201119 64.015412016434
60.8308129691323 21.125298620897 63.9606210297031
60.9139057927839 18.6458045711219 63.9600446199702
60.9725282984813 10.8199854211362 63.9702768771934
61.0079218222351 8.06214233927404 63.9797839902091
61.0431342456232 9.90032980019121 63.9883176632175
61.0881044811402 12.5297761791047 63.9956237833436
61.1410974286623 13.4295725743363 64.001454151789
