# Fix print output for fix writeZ
66.843 -537.894048846143 62.0685
64.6915548480023 -537.319043534477 62.0911102865177
62.6794074554917 -371.327163071687 62.1132750230551
61.6702822856085 -213.140682340598 62.1348184258525
60.7965470758341 -208.568110910633 62.1555615209211
60.1553668419052 -113.440920839763 62.175325081981
59.8415073033489 -114.426183481345 62.1968658599262
59.9256955596948 286.152584934382 62.2197050571543
61.200527179302 331.374425614517 62.2443728951247
62.4343608812298 316.491215097524 62.2713044797146
63.7703640754472 343.36821296298 62.300672406999
65.1594728518703 348.778866195539 62.3323677110696
66.5545883166525 348.778866195539 62.3660814408309
67.9497037814346 348.778866195539 62.4014035324199
69.3448192462168 348.778866195539 62.4379366200806
70.739934710999 348.778866195539 62.4754036324008
72.1350501757812 348.778866195539 62.5137195725409
73.5301656405634 348.778866195539 62.5528710053956
74.9252811053455 348.778866195539 62.5926891063488
76.3203965701277 348.778866195539 62.6328037045243
77.7155120349099 348.778866195539 62.6726514822914
79.1106274996921 348.778866195539 62.7116114439821
80.5057429644743 348.778866195539 62.7491289643181
81.9008584292564 348.778866195539 62.7847436365984
83.2959738940386 348.778866195539 62.8181041841377
84.6910893588208 348.778866195539 62.8489697657381
86.086204823603 348.778866195539 62.8771916664821
87.4813202883851 348.778866195539 62.9026738679278
88.8764357531673 348.778866195539 62.9253569692824
90.2715512179495 348.778866195539 62.945211021502
91.6666666827317 348.778866195539 62.9623657558533
93.0617821475139 348.778866195539 62.9866225681531
94.456897612296 348.778866195539 63.0079516727126
95.8520130770782 348.778866195539 63.0262620104755
97.2471285418604 348.778866195539 63.0414193153154
98.6422440066426 348.778866195539 63.0532445693296
100.037359471425 348.778866195539 63.0615360736632
