# Fix print output for fix writeZ
66.843 -537.894048846143 62.0685
64.6914263027066 -537.851340907989 62.0911102865177
62.5746004331185 -506.087477487947 62.1132750230551
60.6762572111168 -419.40898891533 62.1348184258527
59.0110630712491 -413.810539382797 62.1555615209614
57.9477566503593 177.393867626903 62.1753250828136
58.9213159046305 225.568872680793 62.1968658599262
59.3678454278214 -215.410254040581 62.2197050571543
58.1419855179474 -315.485982597081 62.2443728951247
56.8690736917905 -331.248725911512 62.2713044797146
56.0691379805781 10.4971799505674 62.300672406999
55.8598757435592 -126.240280828125 62.3323677110696
55.2635924222581 -176.845783389834 62.3660814408309
54.9785394406511 93.9398037078765 62.4014035324199
55.3191020007425 48.1457818767146 62.4379366200806
55.7058278450363 131.90163757141 62.4754036324008
56.2263084519302 148.734469702742 62.5137195725409
56.4884562682958 -138.889278604458 62.5528710053956
55.799909389685 -162.539760430874 62.5926891063488
55.2306018352478 -50.2275572246252 62.6328037045243
55.4808091889757 79.3400210156293 62.6726514822914
55.5768300140108 8.32444730876831 62.7116114439821
55.6803381285857 44.8161318799374 62.7491289643181
55.9482947843688 111.439029113763 62.7847436365984
56.2630540795517 -10.7516632922891 62.8181041841377
56.0027258900478 -79.2176157629107 62.8489697657381
55.6465767248031 -110.94518435794 62.8771916664821
55.2287376042528 -100.680425698255 62.9026738679278
54.477361180987 -236.806276519702 62.9253569692824
53.7316527150655 -128.633739243492 62.945211021502
53.9220686600359 224.9627691365 62.9623657546401
54.6698429576797 47.0173939864049 62.9866225659606
54.43207129129 -79.9215126023886 63.0079516689128
54.2245904183216 -49.9402701114106 63.0262620041542
54.0255531936998 -32.4440255675549 63.0414193051932
54.004988211556 9.63891434954113 63.0532445536603
54.0504038710587 16.2479903396236 63.0615360501115
54.1534134563278 39.209998582636 63.0661243494154
54.3839430747446 73.870295584894 63.0668989851568
54.7138277967041 82.6855473491663 63.0638649940605
54.9140479466806 2.79015025260027 63.0617576882293
54.8140715920228 -38.1003932958219 63.0625132345708
54.6629435111769 -37.9304138216187 63.0606325021661
54.501311251198 -44.3208480989618 63.0562903495249
54.3372734071544 -28.5073131970886 63.0524159082773
54.3374259818313 24.8589649715484 63.050981845597
54.4615261226713 30.0881498690497 63.0483166273996
54.5594551067489 20.6389230616264 63.053236427297
54.6401874737699 21.7362682541011 63.0801662322301
54.780983340383 53.4093436014684 63.104676402742
55.0105768370213 47.6421974338723 63.1270019348453
55.1066821206742 8.06481212374565 63.147389967035
55.1690645026967 30.5365638461951 63.1660680102651
55.3191392448794 34.4070006065642 63.1832270961485
55.3317714894016 -42.2861104009398 63.1990219299025
54.9499523011684 -137.7877345645 63.2135703378247
54.3779806760666 -137.853138149943 63.226960859527
53.8603808415147 -121.667686830876 63.2392580135294
53.4775846054226 -53.8394493007675 63.2505075887042
53.5215143503426 74.3114998957061 63.260740698286
53.9749051587823 138.526547683625 63.2699767797036
54.5770507845225 160.382199742798 63.278225853797
55.2097002145389 146.4837816114 63.2854902528455
55.6881548302661 94.4525085971208 63.2917660239855
56.0004969164707 61.671210924014 63.2970452888948
56.1714873395096 26.0026771760869 63.3013191009775
56.2265971509973 1.95873692910239 63.3045781965406
56.1840256105063 -24.2330718889036 63.3068130045019
56.0038793169091 -71.6687064855785 63.3080130035377
55.5758325934059 -141.449050896416 63.3081656814281
54.9713015260495 -142.991731007127 63.3072549920878
54.5173743507799 -85.1709820308079 63.3052589746161
54.232761298582 -63.649104262636 63.3021464619399
53.9590015038956 -77.3106196498087 63.2978725132742
53.6388202057665 -78.5087586708003 63.2923720561685
53.3175802843019 -83.998887678119 63.2855514558649
53.0050813713563 -64.4573522062523 63.2772776196596
52.836880532732 -20.5129822525272 63.2673640613832
52.8407207696098 24.4618241718772 63.2555531005255
53.0296431038893 64.0726459962609 63.2414929320117
53.2827905007102 54.1003389210889 63.2247320542486
53.4376594860245 25.0676864798272 63.2048177783114
53.4903749513909 1.0499755344382 63.2008547178499
53.4528485907022 -14.2003672833075 63.2279157320348
53.4507310412511 21.8920828764514 63.251277975608
53.6318353813129 57.8628198056418 63.2708370567764
53.8172590821248 29.7121233770157 63.2865070138775
53.8721726681575 0.152397927095192 63.2982184767191
53.8324702891143 -17.961104624857 63.3059269710205
53.7598235867587 -14.1591237381657 63.3096263927654
53.7342613651618 1.04473527765299 63.3093667155455
53.7600986967766 11.0954338343445 63.3052740715019
53.8210085280701 19.0033581729907 63.2975509187555
53.8996131100086 17.4918876603296 63.2864364134489
53.9393895741309 0.882737542263634 63.2721851660669
53.9094632873619 -13.8568769411229 63.2550557858503
53.8496688009503 -13.671373066685 63.2353005832955
53.8074066123003 -8.01123827889199 63.2131567041622
53.7776734204536 -7.5026319565975 63.1992129775685
53.7483220473598 -6.67385482807552 63.1975971280644
53.7221161706595 -7.84859975296856 63.1991686572536
53.677594701712 -15.2594347871525 63.1987919200587
53.5814966313883 -35.0481723238895 63.1958946208741
53.3965804959536 -54.0500470517031 63.1905223707492
53.2301322456366 -17.4876589261366 63.1827423418541
53.2973834340882 49.0694081614563 63.1726378452246
53.5574253314368 69.7147060701057 63.1603041444642
53.8066422539633 53.3267634012405 63.1458442796774
53.9894290754766 39.8263373786906 63.1541484134328
54.1309823435504 28.1802311857314 63.1608623958728
54.1687940585616 -14.173427313911 63.1646105736023
54.0209815049602 -54.2465390400381 63.165438556969
53.7742123779278 -67.4680908119185 63.1634144105596
53.5314541872301 -43.5995869785301 63.1624046723206
53.4823326006722 19.465166408678 63.1634281939273
53.6308616727652 45.1117109258715 63.1620720880559
53.8068959452622 43.3236196085719 63.1659903174767
53.9830378604416 43.134246822612 63.1694600117405
54.098607312074 7.75885408295974 63.1710505395999
54.033779848226 -36.1803884857977 63.170768117311
53.8720987855576 -34.7494153408929 63.1686389350388
53.811960412549 8.60248898393349 63.1647107222676
53.9448443078537 51.8341642315449 63.1590541731496
54.1237345586355 24.951455022383 63.1655690929538
54.1162842189082 -22.4813371594889 63.1835368256746
54.0302081061022 -11.3605671100217 63.1988589113707
54.0543809157443 21.1309199602152 63.2114849139074
54.1267531566503 3.75379813797768 63.2213933464571
54.0482664627517 -40.0701362185912 63.2285925656519
53.8524421446533 -54.278392562639 63.2331201905928
53.6345531516138 -49.4278084067155 63.2350410404488
53.5044795478077 -11.525817539696 63.23444369629
53.5415114356338 25.8485634236929 63.2314359024236
53.6619253698958 29.1054483936467 63.2261391014153
53.7665222074152 26.4158756770694 63.2186824471606
53.9082981533985 46.8403171571159 63.2091966603858
54.1027936753788 38.3482051755235 63.2104957465369
54.1406299375407 -21.6181554230628 63.2162656294577
53.9838766770424 -42.5537466342211 63.2212062735774
53.8999842546373 5.92068094526692 63.2253850534955
54.0081043712912 38.3871601408082 63.2288726872461
54.1151015237747 6.93810554752421 63.2317362182574
54.0504496414084 -36.0621231567517 63.2340321955783
53.8597049091093 -56.1779252571728 63.2358000251888
53.6481640383333 -39.4377436868281 63.2370570696361
53.6198555116282 30.0789471142249 63.2377962046283
53.8646356209433 82.5796413223435 63.2379856148554
54.1825186597857 63.3770931788658 63.2375708506032
54.2957782690387 -11.5331180764476 63.236478954833
54.1012141549221 -77.145972882843 63.2346242579677
53.8289877795896 -39.2219332163366 63.2319152837282
53.8569402835722 51.4197605274675 63.2282621261562
54.1483763484501 74.2789945718565 63.2235836343807
54.3371452668675 14.6374473197325 63.217811852726
54.2636985373468 -46.8851288120035 63.2108900127167
54.0269005926899 -60.1217653937538 63.2027730471531
53.8765616643064 -6.36072992767599 63.1934296718207
53.9912617255932 58.0026067306512 63.1828451716267
54.2588593328589 66.3771996284131 63.1710277722263
54.4663005006638 31.7589853337435 63.1580120240527
54.4945558161881 -16.0034230227209 63.1438597209468
54.3750772431656 -38.1376836792512 63.1286600808135
54.2190823567482 -38.2542252780114 63.1125290915097
54.0791031365352 -28.2378563205952 63.0956080222805
54.0312308545909 7.07607426155909 63.0780626787031
54.1302617838771 38.5587071792421 63.0617408603084
54.2835653844018 29.2242214704264 63.0622062377567
54.3168651130106 -14.1830257606193 63.0834812235176
54.1925477344103 -41.8066775022212 63.1144046190846
54.0503300291381 -20.910523781488 63.1447545624241
54.062641999801 26.5758887132849 63.1743887480908
54.2236925190477 47.3993533919609 63.2031656117933
54.4114547145909 43.8100300259052 63.2309505354621
54.552960988428 25.323070058137 63.2576145488109
54.6149705189957 7.45729664230183 63.2830328852532
54.633216958489 3.99809211173276 63.3070911225054
54.6525205684264 4.71360167674072 63.329692626795
54.6569998190253 -4.33097583652965 63.3507548692721
54.6069291801983 -21.5684153918852 63.3702044854831
54.485585926975 -37.7958961224984 63.3879787338041
54.3205512441039 -41.7372808111192 63.4040281462885
54.1997845326957 -12.1470667333085 63.4407211090022
54.2344836612527 24.1354493383184 63.4769057517187
54.3189888399346 10.9549669516928 63.5109092861266
54.3143879678944 -10.8857934750626 63.5425995936011
54.24850301905 -21.1878668650473 63.5718515152918
54.1564459367882 -20.4805856415924 63.5985463015248
54.1378618297798 17.0217953243927 63.6225669501963
54.3030603586524 61.6660179517867 63.6437979909112
54.54662990486 47.1252410043271 63.6621266344299
54.6346391985725 -1.64193283473858 63.6774442780928
54.580667128183 -18.0590826408309 63.6896485495189
54.5281007908252 -6.82921302599953 63.6986460196604
54.5146203998713 -3.4807567268656 63.7043556770915
54.4715996738709 -18.8702477051207 63.7181710284675
54.3842332830086 -21.5599371243774 63.7340730607456
54.3088902240907 -15.4052356139942 63.7478965918718
54.2665605344397 -5.38111855240657 63.7595867310645
54.269372808843 7.48457352538426 63.7690997459957
54.3307211115797 23.2979585163534 63.776404749787
54.4531895676505 36.5142428255288 63.7814847750769
54.5870688107663 25.6528224542275 63.7843379751551
54.6522451561048 9.77604363712582 63.7849753140843
54.6907464796361 11.5044066589252 63.7834193148609
54.7450849628729 13.5976736389753 63.7797060896455
54.7672346757866 -7.32029189688935 63.7738823155282
54.6684841471204 -39.7303655077519 63.7659998366792
54.4928952398753 -42.2845025618477 63.7561136728706
54.3674394546006 -18.0140446246711 63.7442961764593
54.3406872701927 2.13040047789316 63.7509696391662
54.3762056235621 16.5080808884634 63.760540710338
54.4811807111627 35.2800822914023 63.769752812584
54.6371779877674 39.8550315348798 63.77863892556
54.7711971031371 23.1566674940339 63.7872286757131
54.8090303202334 -2.87709968397356 63.7955489065511
54.7782244983988 -8.51185195559836 63.8036243448251
54.7556087614832 -2.83842617609156 63.8114788076232
54.7492671876077 -1.20926323911345 63.8191366993769
54.7428076286259 -2.22734421585107 63.8266244121957
54.730856403465 -3.6310973208767 63.8339713147063
54.7156480526662 -3.76156218047388 63.8412026963657
54.7006598725111 -3.85549495249515 63.8482903719316
54.6864577495286 -2.48064084686352 63.8551254623968
54.6919751675272 7.02816135783357 63.8615305652491
54.750766103966 22.1342326701617 63.8672718026732
54.8567533442595 28.797510889504 63.8720668775755
54.9724028637719 28.8322495776586 63.8755891324997
55.0797574658636 22.0887119762559 63.8774704966153
55.1127196304417 -10.1758836521189 63.8773472587069
54.996508282387 -42.2477642605819 63.8749150311566
54.830923416553 -35.9315358558659 63.8699367463533
54.712781100039 -24.6769440614694 63.8622461818136
54.6285753692344 -16.9042170660376 63.851752478543
54.582284484465 -5.64415353770367 63.8384449727097
54.5847740709106 6.66663213624505 63.8260481363824
54.6316229589494 16.0376277083465 63.8283172262115
54.7081717581534 21.7897134996098 63.8283691390108
54.8037958993891 26.7349376281937 63.8262406101693
54.9285194145234 34.7361355811254 63.8220012859438
55.0515082029773 21.2713415518894 63.8157487527336
55.0722586928548 -9.439401185157 63.8076042562245
55.0174166164752 -12.277980291652 63.8005329322479
54.9953868185946 0.893440958107641 63.7946390964625
55.0130393222463 6.65597642637082 63.7877014291664
55.0406707454327 5.02112571264047 63.779793840899
55.0258655575191 -15.8229206850148 63.7838489217061
54.9041594729921 -43.1165130841786 63.8059067418665
54.7148683250109 -47.2294863967331 63.8264550265315
54.54476949056 -36.4984024999311 63.8454432740999
54.4305790867805 -19.0909120179427 63.8628417308493
54.4035948385395 5.47177724312808 63.8786377642844
54.4572569614161 18.2071242354283 63.8928286674034
54.53106047285 17.1926711289608 63.9054184350513
54.5850987704678 9.06792812098413 63.9164076194038
54.6023569403408 -0.00853080976176193 63.9257842357369
54.5917450982335 -4.24763458856408 63.9335208827527
54.5755090324825 -2.94793065961272 63.9395720377419
54.5774739316967 5.87863203746949 63.9438717656879
54.6400320174287 26.7696245032423 63.9463321554402
54.7874377785653 43.9813819602911 63.9468429132178
54.9372901452082 21.8010943785254 63.9452725412982
54.9186358100186 -31.1291610975861 63.9414734445142
54.726043783998 -59.0241715207528 63.935292870713
54.4659408385508 -69.9341632292962 63.926610286014
54.1886050730002 -63.5040675354055 63.9153959659937
54.0181701620756 -15.5490199905404 63.9017131594882
54.0743536344118 40.2900497756985 63.8857027440563
54.2931215525374 62.9351993941848 63.8675668533048
54.5458615015243 60.5594320263723 63.8475496470672
54.7695276310179 51.4598937492407 63.8259172331613
54.9515788126497 36.5030144911919 63.8099327227679
55.0426630545264 8.88583805810998 63.7942628617577
55.0316397897756 -13.2455329931034 63.7762395621515
54.9382730767285 -33.8240556158756 63.7558636812318
54.7657875611192 -49.7528887041593 63.7331381580409
54.5590745441653 -52.53178815318 63.711366638879
54.3520035873856 -48.8346915597001 63.6892717886953
54.2172579823298 -11.8211510146453 63.6659480712413
54.2732452163559 36.5191525297991 63.6415606985215
54.4624353972739 53.8233667197426 63.6162746464383
54.6926446753989 60.8134080394872 63.5902436473018
54.9466902539965 65.7131049604045 63.5635987502936
55.2061101896866 62.1590567400385 63.5364373149222
55.4281200181504 46.0395757363714 63.5088148841503
55.5464601291187 10.8783688471197 63.480739592068
55.5192185351604 -21.5051179844171 63.4521704581556
55.403301493934 -34.2116625416155 63.4431370332134
55.2484475607356 -43.3018626035226 63.4382588936947
55.0610262187388 -49.1239333750909 63.4319429555419
54.8638525872822 -49.0472815000067 63.4241276202094
54.6785595689414 -41.8995870275279 63.4147773780841
54.5354312289056 -29.5496366557775 63.4038824586074
54.4443869597998 -14.2669290051908 63.3914562619257
54.4463759038225 17.1114191998325 63.3775308821631
54.5686181130928 39.6924996058035 63.3621518813251
54.7321983719443 38.024585909894 63.3453721601406
54.8187675334436 -1.53918550386848 63.3272460499401
54.7002750641492 -54.5644624738571 63.3078321736377
54.4545414464301 -54.1158274220022 63.28719877826
54.3470910221862 4.02035226226158 63.265423012341
54.4634023855669 45.9079161449552 63.2425888105156
