# Fix print output for fix writeZ
66.843 -537.894048846143 62.0685
64.69142380316 -537.880330985737 62.0911102865177
62.5638704652006 -515.90335745384 62.1132750230551
61.1086684545462 -13.692395847878 62.1348184258525
61.2536480208084 120.274507992451 62.1555615209208
62.3569824036129 337.271686487188 62.1753250819749
64.0917015442993 478.786262566104 62.1968658599262
66.0132893424213 480.644460712288 62.2197050571543
67.9358671852705 480.644460712288 62.2443728951247
69.8584450281197 480.644460712288 62.2713044797146
71.7810228709689 480.644460712288 62.300672406999
73.7036007138181 480.644460712288 62.3323677110696
75.6261785566673 480.644460712288 62.3660814408309
77.5487563995165 480.644460712288 62.4014035324199
79.4713342423657 480.644460712288 62.4379366200807
81.3939120852149 480.644460712288 62.4754036324009
83.3164899280641 480.644460712288 62.5137195725409
85.2390677709133 480.644460712288 62.5528710053957
87.1616456137624 480.644460712288 62.5926891063491
89.0842234566116 480.644460712288 62.6328037045251
91.0068012994608 480.644460712288 62.6726514822929
92.92937914231 480.644460712288 62.7116114439855
94.8519569851592 480.644460712288 62.7491289643254
96.7745348280084 480.644460712288 62.7847436366144
98.6971126708576 480.644460712288 62.8181041841723
100.619690513707 480.644460712288 62.8489697658109
