# Fix print output for fix writeZ
66.843 -537.894048846143 62.0685
64.6914608276971 -537.650714112123 62.0911102865177
62.5995776740339 -479.807041210058 62.1132750230551
61.0403257749522 -110.319556420288 62.1348184258525
61.2147963164315 112.569531529091 62.1555615209208
62.4034505796458 381.00966020402 62.1753250819749
64.1122413039393 463.866189716839 62.1968658599262
65.9803253120506 467.763022548762 62.2197050571543
67.8513774022456 467.763022548762 62.2443728951247
69.7224294924407 467.763022548762 62.2713044797146
71.5934815826357 467.763022548762 62.300672406999
73.4645336728308 467.763022548762 62.3323677110696
75.3355857630259 467.763022548762 62.3660814408309
77.2066378532209 467.763022548762 62.4014035324199
79.077689943416 467.763022548762 62.4379366200806
80.9487420336111 467.763022548762 62.4754036324008
82.8197941238061 467.763022548762 62.5137195725409
84.6908462140012 467.763022548762 62.5528710053956
86.5618983041963 467.763022548762 62.5926891063488
88.4329503943913 467.763022548762 62.6328037045243
90.3040024845864 467.763022548762 62.6726514822914
92.1750545747815 467.763022548762 62.7116114439821
94.0461066649765 467.763022548762 62.7491289643181
95.9171587551716 467.763022548762 62.7847436365984
97.7882108453666 467.763022548762 62.8181041841377
99.6592629355617 467.763022548762 62.8489697657381
101.530315025757 467.763022548762 62.8771916664821
