# Fix print output for fix writeZ
66.843 -537.894048846143 62.0685
64.6914858148343 -537.552725509403 62.0911102865177
62.6135159269663 -465.849450881484 62.1132750230551
61.0627390227615 -177.078252383289 62.1348184258525
60.7114800491128 -110.410081506925 62.1555615209208
60.2270089449069 -145.836456947217 62.1753250819749
59.8045150458892 0.0606055641817096 62.1968658599262
59.1669454361897 -339.475591400045 62.2204423442164
57.6582808570808 -423.305707558745 62.2454767265308
56.0163618080155 -359.835635777084 62.2713044797146
54.9586752098231 51.2848022129717 62.300672406999
55.814605205438 214.370653411167 62.3323677110696
56.396984318463 -43.2521629665507 62.3660814408309
56.416220469563 158.674542056464 62.4014035324199
57.0986258806731 187.358952010866 62.4379366200806
57.8079425209942 131.916976036864 62.4754036324008
58.6749953322016 318.735883288307 62.5137195725409
59.6531183913519 165.809504183881 62.5528710053956
60.6587662069562 299.649191332803 62.5926891063488
61.299075186239 62.111755916247 62.6328037045244
61.8841434532886 209.990359858921 62.6726514822914
62.9488775203027 322.944338325387 62.7116114439822
64.2876767294884 340.51204798722 62.7491289643184
65.6565452745039 342.574128655569 62.784743636599
67.0268417891262 342.574128655569 62.8181041841391
68.3971383037485 342.574128655569 62.8489697657411
69.7674348183708 342.574128655569 62.8771916664883
71.1377313329931 342.574128655569 62.9026738679402
72.5080278476153 342.574128655569 62.9253569693059
73.8783243622376 342.574128655569 62.9452110215448
75.2486208768599 342.574128655569 62.9623657546401
76.6189173914822 342.574128655569 62.9866225659606
77.9892139061045 342.574128655569 63.0079516689128
79.3595104207267 342.574128655569 63.0262620041542
80.729806935349 342.574128655569 63.0414193051932
82.1001034499713 342.574128655569 63.0532445536603
83.4703999645936 342.574128655569 63.0615360501115
84.8406964792159 342.574128655569 63.0661243494154
86.2109929938382 342.574128655569 63.0668989851568
87.5812895084604 342.574128655569 63.0638649940605
88.9515860230827 342.574128655569 63.0617576882293
90.321882537705 342.574128655569 63.0625132345708
91.6921790523273 342.574128655569 63.0606325021661
93.0624755669496 342.574128655569 63.056290349525
94.4327720815719 342.574128655569 63.0524159036113
95.8030685961941 342.574128655569 63.0509818390306
97.1733651108164 342.574128655569 63.0483166182248
98.5436616254387 342.574128655569 63.0532364272978
99.913958140061 342.574128655569 63.0801662322314
101.284254654683 342.574128655569 63.1046764027439
