# Fix print output for fix writeZ
66.843 -537.894048846143 62.0685
64.6915233009844 -537.419960346328 62.0911102865177
62.6446809986778 -423.228371364168 62.1132750230551
61.2581678929794 -278.781264108314 62.1348184258525
60.3543821446187 -222.734665781014 62.1555615209208
59.3883332478701 -265.648324975893 62.1753250819749
58.4518619811642 -213.530185995423 62.1968658599262
58.6783924270069 231.070799158761 62.2197050571543
59.6185422549482 208.015276282911 62.2443728951247
59.2070396409797 -251.696460865163 62.2713044797146
58.3548308889642 -182.509008904014 62.3006724069992
58.6368362298306 253.572054060944 62.3323677110706
59.7482566283844 329.985856183523 62.3660814408343
60.9891870074082 294.768480533561 62.4014035324302
61.4746916163498 -128.478070715327 62.4379366201081
60.9289450972794 -165.658021455847 62.4754036324676
60.0873007098463 -142.036658564203 62.5137195726898
59.9850405268877 -23.8980881327775 62.5528710057058
59.9495563686662 98.9959414641035 62.5926891069738
60.7125412189695 206.242571277095 62.6328037057589
61.7687100262632 324.969516817052 62.6726514847077
63.1765219010723 380.653878726734 62.7116114487379
64.7399261210865 394.861393823094 62.749128973819
66.3195164925554 394.898241413721 62.7847436557519
67.8991094582102 394.898241413721 62.8181042224716
69.478702423865 394.898241413721 62.8489698406494
71.0582953895198 394.898241413721 62.8771918077342
72.6378883551746 394.898241413721 62.9026741233134
74.2174813208294 394.898241413721 62.9253574108584
75.7970742864842 394.898241413721 62.9452117514704
77.376667252139 394.898241413721 62.9623657546401
78.9562602177938 394.898241413721 62.9866225659606
80.5358531834486 394.898241413721 63.0079516689128
82.1154461491034 394.898241413721 63.0262620041542
83.6950391147582 394.898241413721 63.0414193051932
85.274632080413 394.898241413721 63.0532445536603
86.8542250460678 394.898241413721 63.0615360501115
88.4338180117226 394.898241413721 63.0661243494154
90.0134109773774 394.898241413721 63.0668989851568
91.5930039430322 394.898241413721 63.0638649940605
93.172596908687 394.898241413721 63.0628824688613
94.7521898743418 394.898241413721 63.0803460131809
96.3317828399966 394.898241413721 63.095722970542
97.9113758056514 394.898241413721 63.1090060162734
99.4909687713062 394.898241413721 63.1201954812203
101.070561736961 394.898241413721 63.129306138173
