# Fix print output for fix writeZ
66.843 -537.894048846143 62.0685
64.6914308810679 -537.81043597829 62.0911102865177
62.5752782058413 -504.943812188456 62.1132538536373
61.0251296780236 -54.7690736918832 62.13473400266
61.15302586503 102.889462733451 62.1554768785408
62.2652554487585 342.370854196939 62.1752554082683
63.9101137110695 456.858476703427 62.1968658599262
65.7476510821465 459.885163804443 62.2197050571543
67.5871917373644 459.885163804443 62.2443728951247
69.4267323925823 459.885163804443 62.2713044797146
71.2662730478002 459.885163804443 62.300672406999
73.105813703018 459.885163804443 62.3323677110696
74.9453543582359 459.885163804443 62.3660814408309
76.7848950134538 459.885163804443 62.4014035324199
78.6244356686717 459.885163804443 62.4379366200806
80.4639763238896 459.885163804443 62.4754036324008
82.3035169791075 459.885163804443 62.5137195725409
84.1430576343254 459.885163804443 62.5528710053956
85.9825982895433 459.885163804443 62.5926891063488
87.8221389447612 459.885163804443 62.6328037045243
89.661679599979 459.885163804443 62.6726514822914
91.5012202551969 459.885163804443 62.7116114439821
93.3407609104148 459.885163804443 62.7491289643181
95.1803015656327 459.885163804443 62.7847436365984
97.0198422208506 459.885163804443 62.8181041841377
98.8593828760685 459.885163804443 62.8489697657381
100.698923531286 459.885163804443 62.8771916664821
