# Fix print output for fix writeZ
66.843 -537.894048846143 62.0685
64.6914459034886 -537.726035873152 62.0911102865177
62.5911781856439 -490.09970247943 62.1132750230551
60.72250319022 -442.141929856084 62.1348184258525
59.0556178416441 -351.390517653121 62.1555615209208
57.6935541029607 -284.799715973853 62.1753250819749
56.6924442297604 -171.118836465166 62.1968658599262
56.1763725636562 -138.194750419897 62.2197050571543
56.4493923809873 131.580559832447 62.2443728951247
56.1700295814012 -52.9259584852261 62.2713044797146
56.8201294611767 220.840018822537 62.300672406999
57.7241634696106 199.708065032433 62.3323677110696
57.7752631345526 -59.7696813627904 62.3660814408309
58.0864639549815 128.36342900126 62.4014035324199
58.754831316261 237.608465971815 62.4379366200806
59.4168975576112 34.27751478235 62.4754036324008
59.7927249151673 200.085891677385 62.5137195725409
60.5391440192646 159.906425152689 62.5528710053956
61.0373984292449 30.4179470338456 62.5926891063488
61.0025731352456 20.2592428395737 62.6328037045243
61.086712503162 38.115430559975 62.6726514822914
61.6115130859959 181.569655542821 62.7116114439821
62.2843555171333 170.772166953361 62.7491289643181
63.1804081071091 302.170364923872 62.7847436365984
64.5231015436532 346.454557805468 62.8181041841377
65.9122919149761 347.385737064656 62.8489697657381
67.3018348632346 347.385737064656 62.8771916664821
68.6913778114931 347.385737064656 62.9026738679278
70.0809207597516 347.385737064656 62.9253569692824
71.4704637080101 347.385737064656 62.945211021502
72.8600066562686 347.385737064656 62.9623657546408
74.2495496045271 347.385737064656 62.9866225659623
75.6390925527856 347.385737064656 63.0079516689167
77.0286355010441 347.385737064656 63.0262620041624
78.4181784493026 347.385737064656 63.0414193052097
79.8077213975611 347.385737064656 63.0532445536917
81.1972643458196 347.385737064656 63.0615360501684
82.5868072940782 347.385737064656 63.0661243495145
83.9763502423367 347.385737064656 63.0668989853237
85.3658931905952 347.385737064656 63.063864994333
86.7554361388537 347.385737064656 63.06175768831
88.1449790871122 347.385737064656 63.0625132346992
89.5345220353707 347.385737064656 63.0606325023713
90.9240649836292 347.385737064656 63.0562903498548
92.3136079318877 347.385737064656 63.0524159032861
93.7031508801462 347.385737064656 63.0509818386296
95.0926938284047 347.385737064656 63.048316617719
96.4822367766632 347.385737064656 63.0572912636509
97.8717797249218 347.385737064656 63.0849545544626
99.2613226731803 347.385737064656 63.1102100385743
100.650865621439 347.385737064656 63.133256711112
