# Fix print output for fix writeZ
66.843 -537.894048846143 62.0685
64.6914238046155 -537.894048675982 62.0911102865177
62.5585948202188 -521.810763779565 62.1132750230551
61.2197880981476 85.5338992949353 62.1348184258525
61.7463428914007 154.056402591 62.1555615209208
62.6294973871607 259.889533950628 62.1753250819749
63.7713812206272 298.152692772418 62.1968658599262
64.9753566709062 302.106257348694 62.2197050571543
66.1837816954633 302.106256142374 62.2443728951247
67.3922067200328 302.106256142374 62.2713044797146
68.6006317446024 302.106256142374 62.300672406999
69.8090567691719 302.106256142374 62.3323677110696
71.0174817937414 302.106256142374 62.3660814408309
72.2259068183109 302.106256142374 62.4014035324199
73.4343318428805 302.106256142374 62.4379366200806
74.64275686745 302.106256142374 62.4754036324008
75.8511818920195 302.106256142374 62.5137195725409
77.059606916589 302.106256142374 62.5528710053956
78.2680319411585 302.106256142374 62.5926891063488
79.4764569657281 302.106256142374 62.6328037045243
80.6848819902976 302.106256142374 62.6726514822914
81.8933070148671 302.106256142374 62.7116114439821
83.1017320394366 302.106256142374 62.7491289643181
84.3101570640061 302.106256142374 62.7847436365984
85.5185820885757 302.106256142374 62.8181041841377
86.7270071131452 302.106256142374 62.8489697657381
87.9354321377147 302.106256142374 62.8771916664821
89.1438571622842 302.106256142374 62.9026738679278
90.3522821868538 302.106256142374 62.9253569692824
91.5607072114233 302.106256142374 62.945211021502
92.7691322359928 302.106256142374 62.9623657546404
93.9775572605623 302.106256142374 62.9866225659611
95.1859822851318 302.106256142374 63.0079516689137
96.3944073097014 302.106256142374 63.0262620041557
97.6028323342709 302.106256142374 63.0414193051955
98.8112573588404 302.106256142374 63.0532445536636
100.01968238341 302.106256142374 63.0615360501158
