# Fix print output for fix writeZ
66.843 -537.894048846143 62.0685
64.6914411334673 -537.750939426994 62.0911102865177
62.5870239801816 -492.648676395128 62.1132750230551
60.9158617401287 -213.765077644393 62.1348184258525
60.3928609052453 -114.841688106916 62.1555615209208
59.9340047568606 -130.360065734713 62.1753250819749
58.5175952251144 -418.930784534875 62.1968658599262
58.0788320032916 23.3794506939172 62.2197050571543
58.005272156807 60.6829653016582 62.2443728951247
58.307218621085 -69.4974387661546 62.2713044797146
58.2478280379263 300.708219836227 62.300672406999
59.7022273965609 187.514588462491 62.3323677110696
59.6131522162532 -86.4829024457404 62.3660814408309
58.7699785421369 -313.514535929483 62.4014035324199
58.1026314310043 118.384807785113 62.4379366200806
58.5272846889385 -13.9209319217454 62.4754036324008
58.3551019587499 -75.6175145926962 62.5137195725409
57.9446582475922 -13.1377010454718 62.5528710053956
58.0531016998984 2.47206764303954 62.5926891063488
58.0030444407199 7.82730156147295 62.6328037045243
58.1144764370648 28.8613202547081 62.6726514822914
58.2474514609336 54.5834801446661 62.7116114439821
58.5903370712989 108.913149084397 62.7491289643181
59.0502124962185 132.744029440444 62.7847436365984
59.6045622501305 116.190475868987 62.8181041841377
60.0242442391696 139.433669962766 62.8489697657381
60.7616886860241 184.938480268517 62.8771916664821
61.227529983374 61.1456652442812 62.9026738679278
61.4766314952275 54.1904115241873 62.9253569692824
61.3407644819287 -91.0435532761281 62.945211021502
61.0016149077223 -88.5042616253638 62.9623657546401
60.4980060132642 -156.282601047931 62.9866225659606
59.9669038640504 -104.4194268519 63.0079516689128
59.467769590531 -173.977626553171 63.0262620041542
58.6614402353674 -189.593298606192 63.0414193051932
58.0794969932494 -111.068325659151 63.0532445536603
57.6118792210811 -136.028767231776 63.0615360501115
57.0840050681955 -101.13590389086 63.0661243494154
56.8713676160836 -1.2648899795052 63.0668989851568
57.073786897515 86.8784553263498 63.0638649940605
57.3792925659812 51.6361551909881 63.0617576882293
57.3946406767905 -51.2060998540314 63.0625132345708
57.1089105205888 -57.5784434847551 63.0606325021661
57.0401075790286 13.6437546546083 63.0562903495249
57.1222534709727 25.4141314728392 63.0524159039319
57.2524379857503 38.1843111156226 63.0509818396113
57.3424857295025 -6.59011721131711 63.048316619186
57.1621624655508 -72.326944641961 63.0532364272969
56.9101019028018 -37.3644826698665 63.08016623223
56.8823573483938 11.8322090416211 63.1046764027418
56.9230975629858 6.79013591044358 63.127001934845
56.9497076165832 12.5560144818709 63.1473899670344
57.0735422405077 50.1488639773995 63.1660680102642
57.259668665072 24.4275859913767 63.1832270961469
57.2182273699966 -38.9421108210967 63.1990219298998
57.0256337172825 -52.4274348331307 63.2135703378202
56.8109043275987 -50.1615043499656 63.2269608595197
56.6714605893063 -15.7027470859669 63.2392580135179
56.7179669715959 43.2530869431269 63.250507588686
57.0176425562471 98.5819491536037 63.2607406982577
57.3838757819395 68.4767921470716 63.2699767796602
57.4957702425318 -12.5610605029959 63.2782258537311
57.3451543027732 -51.1376087128063 63.285490252747
57.1211899176003 -62.5137263870279 63.2917660238399
56.8429146589509 -72.44105863808 63.2970452886822
56.6298420632482 -22.401086971027 63.3013191006705
56.7166502551944 64.9367913437455 63.304578196102
57.0792936842158 102.967185449544 63.3068130038818
57.4740823775815 86.0833081265153 63.3080130026695
57.709888165106 30.6035092891645 63.3081656802238
57.7309051299621 -17.9907255708429 63.3072549904282
57.5827583568597 -52.6045471705968 63.305258972337
57.3545140903671 -57.9035443169061 63.3021464588166
57.1188741781829 -60.2771633166997 63.2978725090002
56.9192934687899 -25.0790382836827 63.2923720503285
56.9914389181092 60.3818481337123 63.2855514478985
57.3185072767539 87.8619760255911 63.277277608814
57.6066405238419 48.4988726125079 63.2673640466512
57.6752588648532 -11.8697803571798 63.2555530805639
57.5882814309721 -20.8027932540697 63.24149290503
57.5381318597901 -6.8439525282851 63.2247320178568
57.481924180297 -28.6798354441848 63.2048177293163
57.2975749475449 -58.0812179751215 63.1993291556919
57.0982541169793 -33.5836696978184 63.2262702652753
57.0520639512524 10.3863105723747 63.2495121885888
57.1732026906706 48.4635899371359 63.2689500901727
57.4064281537449 59.4609352624042 63.284497893396
57.586268506571 28.0958665922739 63.2960860543571
57.6757500645259 26.9412224951712 63.303669955777
57.8527660249293 61.2034771033998 63.3072434970271
58.1110160329617 57.8185800708905 63.3068568192577
58.2688494435007 18.0883521311525 63.3026364352339
58.2322504898727 -36.4577363563499 63.2947849024317
58.0591476150882 -33.4467120531606 63.2835410227119
58.0418792040173 21.4957613146249 63.2691588733082
58.1128089683931 -5.42024604873188 63.2518962818086
57.901268873269 -99.5776424602305 63.2320046308777
57.4218595946745 -121.251447924271 63.2097200137088
57.0757202524269 -33.4408686889727 63.1950566589818
57.2208222416655 99.7361839424249 63.1937946471198
57.7324004804021 129.911789662796 63.1937760413272
58.0640003461062 17.9586892858792 63.1932689803707
57.8656789501888 -100.447644467848 63.1902518060629
57.4425831540181 -93.8213390901986 63.1847736193915
57.1817996300236 -29.8224448114098 63.1769047385707
57.2350252448994 56.4337939790929 63.1667312701645
57.5750381221312 99.303508953979 63.1543509429341
57.8816744006605 35.6082327695525 63.1435701435452
57.8078832033958 -63.659574372234 63.15407525827
57.5041350866937 -73.7980424198612 63.1616615528744
57.2527977597935 -49.0059585814208 63.1663429997757
57.1788766378458 18.6649005284368 63.1681575912534
57.3879475490331 75.5219072874991 63.1671646923531
57.6803123017384 59.9698297238657 63.1634413656899
57.7959818074796 -8.76075993531586 63.1587966650186
57.6091788640407 -74.3354914337673 63.1571643001656
57.3211877185909 -59.7295847114214 63.1552222101368
57.1767619868383 -7.58278811023256 63.1582846319574
57.2515375366973 36.6164530985656 63.159460985612
57.4018917632041 34.3293171045727 63.1587623331224
57.4902831381022 4.96676436368699 63.1562202030462
57.4159397158868 -43.1104272394911 63.151888171299
57.1764929336034 -63.3682742925453 63.145843413874
57.0427605152215 7.86994753852666 63.1562998214308
57.2566626043444 90.5314365153106 63.1739326568878
57.6305621026571 82.4434478053957 63.1889253803059
57.8750163677872 35.3877190371286 63.2012269438102
57.8887535645119 -29.2463027271423 63.2108147622395
57.6582588220946 -80.5902639825737 63.2176956019344
57.3013357419661 -87.2792386611175 63.2219050345142
57.1124270834717 9.57457285727339 63.2235054446622
57.3753987625229 97.6378403949495 63.2294654698447
57.6319879837095 3.2267940153692 63.2408592637605
57.3997718397183 -92.8162517154812 63.2510199053209
57.1377325149396 -17.6637779428257 63.2599381842251
57.2518025007171 62.604915348501 63.2676171866439
57.5453121720531 77.5079607865797 63.2740728664067
57.8488873879281 71.8779964458173 63.2793345213722
58.1012892300748 50.7526783932354 63.2834453775202
58.2216387135998 7.08928151703983 63.2864610636682
58.1870306780942 -15.6999455962738 63.2884510548024
58.1492265321158 -1.40141425453314 63.2894975910619
58.1708947494799 11.6834377792304 63.2896883180759
58.2340134360922 16.6487314282914 63.2891079690423
58.2592029522031 -10.4370146881086 63.2878302049036
58.1235480322114 -55.8010971748953 63.2859103822899
57.8751756736559 -57.7225721723979 63.2833799714869
57.7013110327503 -29.2296494715033 63.2802431969871
57.6277061697246 -10.0004346679418 63.2764762592471
57.6092498991176 0.45766110680165 63.2720292250795
57.6335538354744 13.8730419013796 63.2668303784889
57.7411437612487 40.1329262397167 63.2607925557925
57.9067457446478 30.8124559234032 63.2538208033909
57.9131875653692 -28.5619356631705 63.2458206007327
57.7316660213397 -51.2585916010273 63.236705652524
57.5687889637451 -25.488698595539 63.226403911505
57.5427874279596 11.6834515703537 63.2148573999948
57.6366600706184 31.5003550666489 63.2020223230303
57.7790206852721 37.7386492062282 63.1878770971217
57.9148262857987 28.9893125823471 63.1724277390225
58.021469285174 25.9071129978549 63.159730389161
58.1091338756744 13.1281990478736 63.1497114487896
58.0852851534255 -28.0825713699113 63.1376027812344
57.8952274387036 -61.5690381525982 63.1235315840916
57.6438392424337 -60.6753737805915 63.1279201109091
57.4267363403845 -44.1734355040038 63.1363323077847
57.3392914856315 4.69604779195989 63.1435407238258
57.4563227942878 48.2784430183685 63.1495231978002
57.6842754578478 63.0605302658313 63.154263139379
57.9255600371915 47.9686778517227 63.1577531519377
57.9965078021316 -16.2137556363733 63.1625926098121
57.8185991064952 -63.6585551599587 63.174989850613
57.5582753476063 -62.5689952347458 63.212656824207
57.339508770336 -42.8930927088612 63.2557378513454
57.2500275954376 0.00492762070297781 63.2971346217667
57.3312300984717 37.6005921134406 63.3366261612449
57.5253400750729 56.8359748455186 63.3740025872545
57.7695362863549 62.8470262428977 63.409071732984
57.9728405271559 27.7533331763513 63.4416751964681
57.9448428209881 -40.0738101169389 63.4716916267921
57.7182456450507 -62.531330866304 63.4990295357134
57.4893934265111 -49.9286403676231 63.5236232250869
57.3584391525436 -9.25137548811559 63.5454317071693
57.425640999122 38.3008761646166 63.5644404094841
57.6162537662621 53.7443909918604 63.580665146029
57.8511280500925 61.0607882448658 63.594156967363
58.0292032443412 16.7971697699316 63.6050059137608
57.9504564351359 -50.9006911627798 63.6238434652596
57.7143852067755 -55.5994468029483 63.6531581863628
57.5411899195608 -28.6712381577806 63.6794095097159
57.5149332456664 17.1869301753202 63.7025197243724
57.6560085675127 48.003998479439 63.7224446917952
57.8772486395242 62.5507321236752 63.7391739594619
58.1155180973254 45.2799579816314 63.752730486419
58.1593654156339 -27.4802990400881 63.7631698957162
57.9315244667894 -74.7295489168011 63.7705791911427
57.6408298974768 -65.8973252585751 63.7750747942703
57.4611237814267 -16.7315705654216 63.7767970326304
57.5342773756255 52.0866911487524 63.7759001502802
57.8300511408771 86.7916103244917 63.7725444443801
58.1761362805512 76.7490109624613 63.7668893788548
58.3490941417372 2.75598266454384 63.7590897838116
58.2102239328393 -62.6505339452849 63.7493015676181
57.9477248364372 -60.305864194557 63.7532936247622
57.7701610476909 -21.4599970883727 63.7595090623439
57.8136803406656 42.9155853867223 63.7652529843231
58.0645359025067 73.4420116630433 63.7704909181631
58.3342865778507 50.1378798005852 63.7752040543611
58.4087326891916 -12.3713600329844 63.7793935015004
58.2894940690816 -38.0668358727488 63.7830893769268
58.1522962368158 -28.5337303116583 63.7863690767498
58.066335726029 -13.7152307118661 63.789364322305
58.0534204582131 8.84520013513589 63.7922525695787
58.1376920032824 31.8663022605561 63.7952485246412
58.2900564925912 40.1304130058259 63.7985941080379
58.4158480763214 19.2839837417775 63.8025447903402
58.4463064455886 -1.50594019118419 63.8073560976603
58.4166657603801 -13.7478255099888 63.8132642972712
58.322964575778 -34.0893735915299 63.820429780003
58.1628426935929 -40.8512852433323 63.8288948115109
58.0333246646908 -19.2669826261948 63.8385890703241
58.0291370139673 16.1438021987995 63.8493435913029
58.1365573997448 35.184646082208 63.8609053221664
58.3076993116365 50.4243562269553 63.8729520461844
58.5228468271221 50.2893399597345 63.8875899359715
58.6447813037884 4.5021503363521 63.9162173157283
58.5521569598854 -45.8585148627506 63.9459731414242
58.3438207446929 -50.743209483459 63.9766803731841
58.1678195430909 -37.2228071998986 64.0081080411698
58.042994590824 -25.5576356093824 64.0399605985991
57.9630436764124 -14.1398922034242 64.0718710064678
57.9320506028656 -1.42003964213057 64.1034208921814
57.9475065482729 8.50190576510089 64.1341421612806
57.9953580503312 15.1245925768432 64.1635148462718
58.0691819210248 21.9655436424228 64.1909910502871
58.168233057187 25.8876062113671 64.2160223345965
58.241039509922 4.86833663810423 64.2380864310139
58.1835233943796 -32.7299055015433 64.2567193966362
58.0123485879645 -47.6615466863237 64.2715412176882
57.8251342895586 -44.2197630190952 64.2822718793458
57.6723559897809 -29.7772797859342 64.2887417398959
57.6007632105511 -6.53690121182612 64.2908996802363
57.6041851460676 6.51768074765651 64.2888033716042
57.6492556474152 16.3324497773856 64.2825804802907
57.7366399901822 27.0644974690548 64.2723942766524
57.8585160567599 32.3922269537185 64.2584422863545
57.979646430535 24.3660115482585 64.2409521847161
58.0204069938397 -5.55520804293694 64.2201698549919
57.9520458967427 -24.4141708838749 64.1963505860049
57.8571825391904 -19.8390091358968 64.1697515977732
57.8093374749474 -3.347105824399 64.1406276565293
57.8227243297732 7.37624222938224 64.1092329575251
57.8447662706242 2.23145957664951 64.0758236686573
57.8423028392505 -1.71711228424395 64.0406615003372
57.847823471086 5.74361712453553 64.0040218577435
57.8855777807855 10.6261578095484 63.9963949109078
57.9000922636112 -6.55859404649003 63.9878059175174
57.8329725371008 -23.5339340304174 63.9769808405965
57.7555530989501 -11.1836909882588 63.9638564346462
57.7507422909841 7.25852907897921 63.9490664229482
57.7899905115863 9.49235649994602 63.9629901395311
57.8174559644158 4.50739280354087 63.9760327216076
57.8361268233676 6.77226545946344 63.9881535112467
57.8825029109579 16.6334013609944 63.9992785714183
57.9519527469776 12.8377061756241 64.0093020684035
57.9388028827815 -22.3508324149748 64.0180867545886
57.7887753745064 -46.8532911684465 64.025486947479
57.6131484889156 -34.7502185603497 64.0313850906653
57.5504386789437 4.97374910043664 64.0356945893601
57.635465396744 33.009090150974 64.0383512047051
57.7843182040913 39.2343989364749 64.0393094415423
57.9151734624431 19.0592924358297 64.0385410194857
57.8970485709495 -28.7955357185006 64.03602567533
57.7185836065659 -52.7730149406592 64.0317351761475
57.5416172618928 -27.7512059722336 64.0256295645853
57.5343952369557 24.1741993884674 64.0176564774252
57.6991120381045 50.8117329697909 64.0077522753904
57.8850877701977 35.4867713013935 63.9958435447867
57.9478754575576 -4.52079403568751 63.9818488727175
57.8714069598803 -29.3394787735147 63.9656828388116
57.7422689005304 -32.9657039194341 63.9472604730095
57.6273551291127 -20.2663921207647 63.926503508571
57.599719568901 5.97821685755672 63.9033471644427
57.6576649314663 20.3701889578889 63.8777394841737
57.7460817721967 21.7850506153424 63.8496438556463
57.8037886341625 3.44778570365947 63.8190524228292
57.7654098148008 -20.7318417311396 63.785990981205
57.6650517561294 -26.6625314500695 63.7505187270089
57.5615249700094 -24.3917282390804 63.7127317101109
57.477063655004 -17.175630058553 63.6727705155834
57.4259083890418 -7.84084906312235 63.6308239145519
57.4299093614 12.9133425966643 63.5871280780357
57.546776749843 45.1573254231176 63.5419684330225
57.7604216685195 55.7120822784335 63.4956829384459
57.9348215387587 23.3688791840084 63.4486679867936
57.915790216897 -31.0172097501327 63.401301277746
57.7396692427214 -48.7178379112279 63.3538159407793
57.5796871192988 -25.5862878678386 63.3146117533169
57.560213481293 16.1801372169148 63.3110735992377
57.6906561156479 44.3060920858431 63.3035534965651
57.871547824065 40.5646923866278 63.2920533880609
