# Fix print output for fix writeZ
66.843 -537.894048846143 62.0685
64.6914356756246 -537.781054391675 62.0911102865177
62.5803940184111 -499.768132913036 62.1132750231192
61.0133335563586 -90.3419475430036 62.1348184288283
60.9373184768445 17.9898748274899 62.1555615432677
61.5023038436427 175.447416491818 62.1753252216871
62.3889981432493 274.389823369286 62.1968658599262
63.7866934778779 434.658895448101 62.2197050571543
65.5666766287329 447.120527085393 62.2443728951247
67.3551587370745 447.120527085393 62.2713044797146
69.1436408454162 447.120527085393 62.300672406999
70.9321229537578 447.120527085393 62.3323677110696
72.7206050620994 447.120527085393 62.3660814408309
74.509087170441 447.120527085393 62.4014035324199
76.2975692787826 447.120527085393 62.4379366200806
78.0860513871242 447.120527085393 62.4754036324008
79.8745334954658 447.120527085393 62.5137195725409
81.6630156038074 447.120527085393 62.5528710053956
83.451497712149 447.120527085393 62.5926891063488
85.2399798204907 447.120527085393 62.6328037045243
87.0284619288323 447.120527085393 62.6726514822914
88.8169440371739 447.120527085393 62.7116114439821
90.6054261455155 447.120527085393 62.7491289643181
92.3939082538571 447.120527085393 62.7847436365984
94.1823903621987 447.120527085393 62.8181041841377
95.9708724705403 447.120527085393 62.8489697657381
97.7593545788819 447.120527085393 62.8771916664821
99.5478366872236 447.120527085393 62.9026738679278
101.336318795565 447.120527085393 62.9253569692824
