# Fix print output for fix writeZ
66.843 -537.894048846143 62.0685
64.6914238045787 -537.887694265115 62.0911102865177
62.5629180609526 -517.704050764209 62.1132750230551
60.9941657605786 -102.195783565057 62.1348184258525
60.8887169036857 157.072677473186 62.1555615209208
62.0767752470217 303.756258960557 62.1753250819749
63.3851908335705 344.567302379105 62.1968658599262
64.7853701875314 353.388451187891 62.2197050571543
66.2000065509876 353.677964760961 62.2443728951247
67.6147184100314 353.677964760961 62.2713044797146
69.0294302690752 353.677964760961 62.300672406999
70.444142128119 353.677964760961 62.3323677110696
71.8588539871627 353.677964760961 62.3660814408309
73.2735658462065 353.677964760961 62.40140353242
74.6882777052503 353.677964760961 62.4379366200808
76.1029895642941 353.677964760961 62.4754036324012
77.5177014233379 353.677964760961 62.5137195725417
78.9324132823817 353.677964760961 62.5528710053973
80.3471251414255 353.677964760961 62.592689106352
81.7618370004693 353.677964760961 62.6328037045304
83.1765488595131 353.677964760961 62.6726514823024
84.5912607185569 353.677964760961 62.711611444002
86.0059725776007 353.677964760961 62.7491289643553
87.4206844366444 353.677964760961 62.7847436366708
88.8353962956882 353.677964760961 62.8181041842819
90.250108154732 353.677964760961 62.8489697660241
91.6648200137758 353.677964760961 62.877191667035
93.0795318728196 353.677964760961 62.9026738689556
94.4942437318634 353.677964760961 62.9253569711086
95.9089555909072 353.677964760961 62.9452110245986
97.323667449951 353.677964760961 62.9623657546401
98.7383793089948 353.677964760961 62.9866225659606
100.153091168039 353.677964760961 63.0079516689128
