# Fix print output for fix writeZ
66.843 -537.894048846143 62.0685
64.6916842700078 -536.9987117756 62.0911102865177
62.8268916716867 -144.651651575908 62.1132750230551
63.3413764116407 186.16290275941 62.1348184258528
64.1194312629319 201.372466011523 62.1555615209274
64.9355025812112 205.071334654589 62.175325082029
65.7560426811974 205.140589009251 62.1968658599262
66.5766050372343 205.140589009251 62.2197050571543
67.3971673932711 205.140589009251 62.2443728951247
68.217729749308 205.140589009251 62.2713044797146
69.0382921053449 205.140589009251 62.300672406999
69.8588544613818 205.140589009251 62.3323677110696
70.6794168174186 205.140589009251 62.3660814408309
71.4999791734555 205.140589009251 62.4014035324199
72.3205415294924 205.140589009251 62.4379366200806
73.1411038855293 205.140589009251 62.4754036324008
73.9616662415661 205.140589009251 62.5137195725409
74.782228597603 205.140589009251 62.5528710053956
75.6027909536399 205.140589009251 62.5926891063488
76.4233533096768 205.140589009251 62.6328037045243
77.2439156657136 205.140589009251 62.6726514822914
78.0644780217505 205.140589009251 62.7116114439821
78.8850403777874 205.140589009251 62.7491289643181
79.7056027338243 205.140589009251 62.7847436365984
80.5261650898611 205.140589009251 62.8181041841377
81.346727445898 205.140589009251 62.8489697657381
82.1672898019349 205.140589009251 62.8771916664821
82.9878521579717 205.140589009251 62.9026738679278
83.8084145140086 205.140589009251 62.9253569692824
84.6289768700455 205.140589009251 62.945211021502
85.4495392260824 205.140589009251 62.9623657547049
86.2701015821192 205.140589009251 62.9866225660736
87.0906639381561 205.140589009251 63.007951669102
87.911226294193 205.140589009251 63.0262620044587
88.7317886502299 205.140589009251 63.0414193056656
89.5523510062667 205.140589009251 63.0532445543695
90.3729133623036 205.140589009251 63.061536051146
91.1934757183405 205.140589009251 63.0661243508874
92.0140380743774 205.140589009251 63.0668989872082
92.8346004304142 205.140589009251 63.0638649968707
93.6551627864511 205.140589009251 63.0617576882293
94.475725142488 205.140589009251 63.0625132345708
95.2962874985248 205.140589009251 63.0606325021661
96.1168498545617 205.140589009251 63.0562903495249
96.9374122105986 205.140589009251 63.0524159604297
97.7579745666355 205.140589009251 63.0509819169541
98.5785369226723 205.140589009251 63.0483167250484
99.3990992787092 205.140589009251 63.0532364275292
100.219661634746 205.140589009251 63.0801662324908
