# Fix print output for fix writeZ
66.843 -537.894048846143 62.0685
64.6914372185361 -537.772399809265 62.0911102865177
62.5831580787081 -497.468386022651 62.1132750230551
60.860423296425 -262.100277008207 62.1348184258525
59.9672456872251 -279.141775699147 62.1555615209208
58.565866940748 -363.210361016208 62.1753250819749
57.0774039243581 -383.118986104895 62.1968658599262
56.0498773810217 -101.258996383843 62.2197050571543
55.7878832839471 7.40420347063619 62.2443728951247
55.8300512711356 -5.06519854366284 62.2713044797146
55.8316768850891 39.3705766451297 62.300672406999
56.1403715958839 189.855728361343 62.3323677110696
56.9059093808443 125.65988528258 62.3660814408309
57.3767380446215 133.542630741291 62.4014035324199
57.6042921481295 -130.444056505618 62.4379366200806
56.8628719723416 -215.562257037539 62.4754036324008
55.8787960884306 -240.912342664456 62.5137195725409
55.0045893122481 -93.9314032193018 62.5528710053956
55.7809744066825 292.165453802447 62.5926891063488
56.8235642345776 236.765972569765 62.6328037045243
57.742020291643 223.5700892099 62.6726514822914
58.2811412576691 30.2732612956369 62.7116114439821
58.354061821516 -30.8996921675065 62.7491289643181
57.5762649756422 -268.978077614486 62.7847436365984
56.4939842929247 -272.412581984973 62.8181041841377
55.4741957982683 -247.778842928821 62.8489697657381
54.5825717112271 -141.706446152547 62.8771916664821
54.2373081701664 -70.1643751037468 62.9026738679278
53.9671960523669 -53.3487348576967 62.9253569692824
53.9903580944041 54.5430254236764 62.945211021502
54.1842809924903 33.3325409977709 62.9623657546401
54.3053369130555 41.5590735844169 62.9866225659606
54.5225161045541 29.4282380581474 63.0079516689128
54.2512624360304 -144.305464296371 63.0262620041542
53.7242834492736 -97.5366186222927 63.0414193051932
53.3698064180873 -102.045605400691 63.0532445536603
52.9393297745888 -86.1036963307115 63.0615360501115
52.700309999917 -50.6697257159923 63.0661243494154
52.5366918719415 -25.4582251224673 63.0668989851568
52.5322834353451 25.453365489565 63.0638649940605
52.6766778110518 32.6413247070989 63.0617576882293
52.7349039111478 2.99182202546986 63.0625132345708
52.778594725852 21.083413608535 63.0606325021661
52.840075232438 -4.06969877029395 63.056290349525
52.676143819849 -71.9391675340111 63.0524159039249
52.4173928824227 -33.147855553408 63.0509818396026
52.4993400282877 63.0361062067988 63.0483166191759
52.7718296605151 56.2932856185516 63.0532364272969
52.9141003950041 18.8199748240972 63.08016623223
52.9698855729616 15.4661907784134 63.1046764027417
53.0697253133137 35.8904989317826 63.1270019348449
53.2491776128763 50.9926436800718 63.1473899670343
53.4438777576455 39.9033484323108 63.1660680102639
53.5182796610604 -6.08925486893725 63.1832270961464
53.4052310409094 -44.9355777413167 63.1990219298991
53.2124934902086 -46.8001620567119 63.2135703378191
53.0435639435986 -37.5623643286197 63.226960859518
52.9128154111045 -27.8615777535829 63.2392580135153
52.8163868152447 -21.3271473539832 63.2505075886822
52.7352037542715 -19.2480369118959 63.2607406982521
52.6656123292877 -15.0380387310106 63.2699767796519
52.6181236535721 -8.36411828934684 63.2782258537191
52.5996381077921 -1.12976222577528 63.2854902527297
52.6062392541779 4.14748111858314 63.2917660238151
52.6320706712344 8.81528525871899 63.2970452886471
52.6770463241841 13.7083448406046 63.3013191006211
52.7448534677374 20.9257686872335 63.3045781960333
52.8468766881125 29.4638817893451 63.3068130037869
52.9685460490026 29.6535488692136 63.3080130025394
53.0739162085682 21.9484850314711 63.3081656800469
53.1491514406843 17.5723413502764 63.307254990189
53.2203682418902 16.6646970271643 63.3052589720145
53.2550290053782 -3.73631189562781 63.3021464583823
53.1760939270378 -34.4278860002392 63.2978725084158
53.0173415235097 -38.7655545006186 63.2923720495423
52.8814011046309 -31.6565175337552 63.2855514468415
52.7245064933293 -51.6524271350462 63.2772776073936
52.4880233160833 -51.8182155018093 63.267364044744
52.42544626357 25.836271859304 63.2555530780049
52.6259771244166 54.7298298214894 63.2414929015994
52.7183405447205 -16.7820099229556 63.2247320132591
52.5412798642218 -54.7463463532862 63.2048177231511
52.3980413086706 -12.0944921135453 63.1993289171262
52.4451099484193 35.0599282288604 63.2262699820137
52.6254686621075 40.6385902237583 63.2495118540023
52.682374976096 -14.8866475148353 63.2689496952072
52.5303609627768 -52.8178375292819 63.2844974255353
52.3631857355514 -19.3322232971316 63.2960854964356
52.3910764667479 28.4080896922545 63.3036692847198
52.5380554706311 35.8462650981672 63.3072426825546
52.5984292335808 -11.5916767926701 63.3068558222182
52.4772546936625 -37.0109130119932 63.3026352063973
52.3882525040356 -1.68363690276503 63.2947833818335
52.4647719681302 34.5535722021945 63.2835391393641
52.5804812030273 10.8298821736802 63.2691565450339
52.508369414522 -42.7181383332103 63.2518934141638
52.3198530245069 -39.3996247960672 63.2320011168183
52.2613144008612 12.7694927473263 63.2210987889957
52.3836611929672 38.0081685282807 63.2240057096701
52.4980405761235 15.1378259946451 63.2241934159808
52.4974763665149 -11.8607825423526 63.2216739692939
52.460564318178 0.657340893378625 63.2164781309766
52.5264222848157 30.2998228130541 63.2086544531854
52.668941645592 37.4560521746623 63.1982675213076
52.8082869432438 29.4912543002471 63.1853958446666
52.8862498652854 8.73311972289324 63.1701296465245
52.8752674987568 -15.7427215394148 63.1543236753281
52.747025431811 -48.164033895647 63.1536234792373
52.5243383120804 -54.8433846094654 63.1598413426548
52.3833063621988 -8.71986046128104 63.1707301424029
52.461304641716 41.9484533874871 63.179421218487
52.6378915795295 35.4791721433025 63.1858770065955
52.6957649189942 -8.23868193990417 63.1900773182187
52.5927768315672 -37.5235936203983 63.192021163274
52.4353710985755 -36.6817905605478 63.1917280193859
52.3597484522692 6.66757626927776 63.1892384378097
52.5081510834078 62.8071463943852 63.1846146995732
52.7843384834526 64.0289457701079 63.1779424958084
52.9538210710734 17.3623293171978 63.1693315713418
52.9507006028935 -9.98464135814045 63.1589186216678
52.9374630828206 7.64879975640713 63.1532553355263
53.0186264383986 29.9196389386891 63.1487359943393
53.1090431296307 3.32325174983453 63.14249271611
52.9801012768552 -68.6380419003035 63.1555531749618
52.619728472627 -97.5956728643728 63.173141657669
52.3313036871431 -31.8280909556732 63.1880884770466
52.4117185540828 67.3169812528213 63.2003424204265
52.7626807426412 90.8851175214739 63.2098806759918
53.0344806042097 37.5033452129165 63.2167097226036
53.0573640013215 -20.0695451193416 63.2208647901812
52.955846103151 -21.6307762395516 63.2224078790092
52.9054257083312 -4.49665564257117 63.2214244379621
52.9100706022135 6.45060248697921 63.2300836867159
52.9586158291212 17.0737706799213 63.240632042828
53.0153946417138 4.06645577561395 63.2499959550776
52.9504253759934 -37.6908305126646 63.2581832324152
52.7397300599892 -60.9804196546602 63.2652162641069
52.5094994407863 -48.0884958890306 63.2711319641952
52.4083710263628 1.06874089792838 63.2759811113151
52.5083381223595 43.884928587167 63.2798285537597
52.7118697438847 53.4811121158242 63.2827548205128
52.8968268470163 33.3024149131265 63.2848499444875
52.9541484106891 -4.0426989330008 63.2862047737612
52.8925092913186 -21.9434869928563 63.2869020588645
52.7995080839013 -23.9805857587573 63.2870081406455
52.7058542147463 -22.4401215102249 63.2865660505419
52.6178900419556 -22.194827473502 63.2855907233568
52.5244318158513 -24.2611858360255 63.2840668260365
52.4265776616283 -24.7768204262397 63.2819494396309
52.3247977685571 -25.5409034727101 63.2791675216338
52.2394261436133 -15.0169458844745 63.2756297675428
52.1939024954514 -11.5698285043169 63.2712322408096
52.1235368086812 -24.043995087764 63.265866990831
52.0212961434574 -21.9573541527398 63.2594308007522
51.9761503629805 -0.570489456001765 63.2518328905101
52.0011221839703 10.8376518062672 63.2429978234724
52.0549941482942 16.1261067488361 63.2328631225455
52.1249315685843 15.9874699082896 63.2213814389097
52.1643053060039 3.91835123340223 63.2085257543212
52.1813657656165 9.37360974868721 63.1942953379981
52.2533605414171 22.6037086262269 63.1787178319943
52.3238785279987 10.5137276774584 63.161850053236
52.3452270478174 2.52707277091565 63.2088821315622
52.3470603827983 -2.80967510256982 63.2546546290588
52.3273205627441 -3.87271909039919 63.2977396161859
52.3416232884893 10.6028682526508 63.3377005810546
52.3792118928851 4.81399328252181 63.3741251501581
52.3861250488087 3.36685905218612 63.4066431543053
52.4454522759434 26.9161748646816 63.4349493718743
52.5621760310114 24.2517047248493 63.4588245609661
52.5940118844838 -11.3861427042806 63.4781543984781
52.4765813918136 -42.6256625402937 63.4929275785628
52.2978869333062 -43.2359575705442 63.5032234947467
52.1303287090288 -40.7786997962705 63.5091981260955
51.9847721329337 -28.8245849300302 63.5110642146193
51.9281450633668 2.29758472733101 63.509068179417
51.9942035078202 26.8389000902688 63.5034786339619
52.1087523341166 28.0768885259434 63.4945833717898
52.2317832160546 37.0250327257709 63.4900634099565
52.4132159416339 50.0188328638164 63.5341065313661
52.5595147858851 14.0422685457098 63.5748703092581
52.5031738284573 -37.4498895397176 63.6120891011412
52.3506690551066 -26.2149583635129 63.6455359356852
52.3301822523074 13.0755891930836 63.6750335318511
52.4060025744911 19.6357661091243 63.7004606738099
52.476959635222 15.9843984280146 63.7217515515653
52.5299767925569 9.7651014484318 63.7388977849152
52.5541914703822 3.1313481493094 63.7519495569496
52.5683357668543 6.35045258995353 63.7610129247172
52.6267082304078 25.2618237793778 63.7662438167195
52.7474926071169 26.658069618519 63.7678393106257
52.7843204226008 -10.0562447330605 63.7660266081589
52.7043688996474 -21.1352355891977 63.7610504484519
52.6725215586042 8.41999332217852 63.7531597913494
52.7672102790694 35.7956159850881 63.7425946310024
52.9288774444206 40.7798928621739 63.7300930791333
53.0388644907922 6.20792796118755 63.7278458248518
52.9425631056378 -52.9217190763825 63.7220676900853
52.6842722478327 -59.7891832801407 63.7137456360327
52.5810956934928 14.9060964738406 63.7190266679822
52.775399246149 66.7036582826005 63.7221858539896
52.9675914027076 20.4876131347751 63.723290510521
52.9517861272624 -21.6732769435079 63.7224045239787
52.8469606760497 -25.873991324375 63.7228750294245
52.77709567973 -5.88947632048682 63.7265652850862
52.8110671065357 21.7458899660502 63.7280730742378
52.9065083022729 16.5891646421117 63.7274843039644
52.9027925594623 -17.5765026026282 63.7249118934587
52.8026036259533 -27.3166492605915 63.7204926932151
52.704913638066 -20.6456705924387 63.7143841977907
52.6557958682307 -0.704593207439442 63.7067666886197
52.7068475060194 24.3581148687954 63.6978483735906
52.8269988206195 32.6363080677541 63.6878620884702
52.9342836264607 14.9590459541191 63.6770603230273
52.9145315792052 -23.6340275858541 63.6657105308628
52.7974559693668 -27.6976521024742 63.6540808605768
52.7168089430427 -12.3152005546163 63.6538691051826
52.7047642333751 6.65244872583936 63.6563895508696
52.7554446567386 14.4360207381401 63.6552326515527
52.7882207018904 0.0684163345153195 63.6504415135522
52.7580518655918 -13.5246824857328 63.6421116609675
52.6983971761306 -13.9592529205706 63.6321652911661
52.6591133403116 -4.30169854241489 63.6389733911807
52.6808789019263 17.2012341913169 63.6448021109072
52.7870095167987 30.3868862830128 63.6495861013952
52.8696421034387 5.69771239682002 63.6532670837386
52.8226715463533 -25.8990208599909 63.6557937186889
52.7158433904984 -20.1355204304985 63.6571212688104
52.6886783867908 5.34934884123582 63.6572112350791
52.737914600308 16.9464234756907 63.6560248456052
52.800615478649 10.1202148680266 63.6596920955198
52.7906462921006 -15.9926456677041 63.676562741122
52.6936741610496 -27.6053219376747 63.6924588789551
52.596923960657 -21.2064009758927 63.7074014265301
52.5011424271945 -29.301484836875 63.7214164331964
52.3497251157254 -46.6216579079792 63.734537923205
52.1505042203394 -47.3821095429939 63.7468111867943
52.0051719775997 -24.9205203192299 63.7582945561817
51.9364637159441 -11.0904167951404 63.7690577903972
51.917728071166 3.27294066079759 63.7791763187617
51.9647524516028 18.254885407269 63.788720742361
52.0466187305223 22.6355066027321 63.7977383519602
52.1585530942771 34.5286748692247 63.8079117725954
52.3110683159524 37.8238092413102 63.8262332753874
52.4317744939542 19.1068452964861 63.8422882849213
52.4427885667575 -14.2189917859547 63.8558036747878
52.3372017519113 -33.6241586457102 63.8666152575219
52.213893278649 -24.9258043607932 63.8746609724143
52.1431823878828 -11.1279234064312 63.8799625508984
52.1125792077862 -6.41237578464203 63.8826051989212
52.0701880906499 -17.1182833147704 63.8827174326095
51.9670209060384 -33.8111636605903 63.8804526025828
51.8170843216335 -37.8896036150112 63.8759730083529
51.6816710303286 -29.0712325103257 63.869437791323
51.5836375279972 -19.8745514801527 63.8609979443891
51.5315032647562 -4.61469408598906 63.8507917572189
51.552459278261 14.5323299477868 63.8389390787235
51.6364348254761 26.0387872274015 63.8457009292749
51.7559624253512 33.2452633685163 63.8495816023166
51.892808539123 32.9214539080338 63.8496419457456
51.9952189985925 15.9305713427541 63.8457807848546
52.0153025949641 -4.8346514432002 63.8379386606863
51.9707659628901 -16.2858839504807 63.8261095284232
51.8810123805155 -29.4145931331485 63.8103576409282
51.7374414237913 -40.5740838500303 63.8034500435085
51.5826401184379 -33.7536638044657 63.8021191341704
51.4761531441524 -20.0592402314218 63.7989583022029
51.4170248425036 -9.65519698739314 63.7940249585829
51.3942195023228 -3.7507738326358 63.7887639161055
51.361778968278 -15.5708588423815 63.7882370569162
51.2635408686606 -31.4444314061819 63.7883660416949
51.1358766977157 -29.8956884829232 63.7891865639344
51.0307690833857 -22.5548121395832 63.7907127291851
50.9573168745554 -13.9722102140934 63.792917825123
50.9181362812787 -6.14773247402842 63.7957213685241
50.9017627779199 -2.80109764313637 63.7990008554484
50.8929852967062 -1.50251286445475 63.8026014037797
50.893194008186 2.15732283691978 63.8063391972438
50.9126774734499 7.63255132257934 63.8100078173837
50.9529927799236 12.1281548051656 63.8133871334855
51.0060246761343 14.0865804135425 63.8162529815084
51.0649888468238 15.3768319766124 63.8183872974648
51.1283049290857 15.9535837632579 63.8195874142363
51.1841688111354 10.23403249911 63.8196708305742
51.1950729298327 -6.19894162986524 63.8184760065428
51.1351268886836 -21.8932421802555 63.8158604714722
51.0416792033104 -22.5891449647758 63.8116891262885
50.9623520512322 -16.3769709350243 63.8058316808635
50.9142441401637 -7.73852555366572 63.7981651633822
50.8965756393112 -1.74043408357365 63.7885757821671
50.8963498792639 1.34263209916297 63.7769596456097
50.9065548570894 3.77819825894384 63.7632214758679
50.9267491743801 6.37482109534771 63.747258999138
50.9599134439234 10.9109250487037 63.728940680658
51.0212461768422 20.1012021259351 63.7081085805464
51.1041656907792 16.2486966239095 63.6845937232824
51.1126417766357 -14.3411198232131 63.6582477727099
51.0048573157285 -33.1334942710559 63.6289788346741
50.9095010158089 -8.86200176274266 63.596790384569
50.9430510929454 22.8415399757613 63.5618240448223
51.0559717262879 29.5424877776402 63.5243830438442
