# Fix print output for fix writeZ
66.843 -537.894048846143 62.0685
64.6914371388674 -537.773006997018 62.0911102865177
62.5819202311507 -498.247924260817 62.1132750230551
60.9546066180748 -171.486732573858 62.1348184258525
60.5293933727976 -85.5861622207295 62.1555615209208
60.0729629200595 -178.31474070867 62.1753250819749
58.8633163781917 -296.818439399187 62.1968658599262
57.7951910969425 -213.19968919913 62.2197050571543
56.9583036484829 -130.325001210369 62.2443728951247
56.9988231544318 -27.7346396541167 62.2713044797146
56.5886472161835 -137.404613580343 62.300672406999
55.8538211073669 -202.071627371526 62.3323677110696
54.8717422418397 -289.16507121827 62.3660814408309
54.154149471645 -111.035081037721 62.4014035324199
53.5107265579931 -274.173877673543 62.4379366200807
52.4627774608102 -231.993681538698 62.4754036324009
51.541388404523 -190.367012517205 62.513719572541
50.9259678894131 -151.181027701587 62.5528710053959
50.5223641308475 -59.0278951739189 62.5926891063495
50.2542480485721 -43.959499386407 62.6328037045261
50.7782327558083 246.627888596638 62.6726514822952
51.8202202917683 278.039065083053 62.7116114439906
52.8531775149706 239.855714544754 62.7491289643371
53.7177351370295 212.450872388349 62.784743636641
54.5999364084568 152.614309249352 62.8181041842322
54.4522298805197 -125.40645243533 62.8489697659422
53.9847117424723 -115.402624515768 62.8771916669064
53.7248676076354 47.0349767213885 62.9026738687716
54.1895922841692 136.785604591528 62.9253569708828
54.7450041922624 143.658334089912 62.9452110243955
55.5310190799755 248.90083840064 62.9623657546401
56.3052423948913 31.4061371301833 62.9866225659606
55.8614017244479 -159.585200291775 63.0079516689128
55.2203398962768 -167.498822801139 63.0262620041542
54.6271283060948 -110.662005533433 63.0414193051932
54.2114897718766 -121.020396199765 63.0532445536603
53.7867965577606 -55.2525239541158 63.0615360501115
53.8657115620874 66.6809375922686 63.0661243494154
54.1362701134519 69.926636989651 63.0668989851568
54.3535378660508 29.5233358001022 63.0638649940605
54.4098243002886 5.93553353833415 63.0617576882299
54.4732894482067 40.7516155855402 63.0625132345718
54.8300309358642 123.286153384008 63.0606325021678
55.2832994542842 96.1900433924725 63.0562903495276
55.6643099734981 103.243785753682 63.0524158976684
56.0616509607814 75.5124319753378 63.0509818293385
56.1895107538825 -0.94781802553798 63.0483166032084
56.1921621914188 9.11380025869319 63.0532364275683
56.1994335052527 -14.3850371422286 63.0801662326214
56.0761860226843 -49.5758356222619 63.1046764033054
55.7409798664271 -117.330238542464 63.1270019356565
55.2098600641717 -144.410429085824 63.147389968202
54.6502475935108 -121.723631321513 63.1660680119392
54.2920555563979 -64.2958774225767 63.1832270985385
54.130805563534 -11.0948262481595 63.1990219332937
54.1988260688911 36.4104172933179 63.2135703426024
54.2930188730945 -8.529787738176 63.2269608662123
54.1254863070536 -55.6398068603393 63.2392580228218
53.9992753933427 2.23528347877271 63.2505076015333
54.1327028794981 56.2662075969954 63.2607407158755
54.3801698769557 62.8085535274304 63.2699768036472
54.6298996567295 65.7618714239752 63.2782258861494
54.9357927130655 86.7319446112422 63.2854902962297
55.2951599515351 89.5180396172484 63.2917660817186
55.640947461381 82.8358170690992 63.2970453651316
55.8821390719536 22.8127947832422 63.3013192008748
55.7675366229136 -74.0886317503048 63.3045783264431
55.4479539731933 -62.3148213289344 63.3068131721606
55.3297203548117 -2.64666916575757 63.3080132183639
55.3307768927997 -7.9689305688901 63.3081659548081
55.2305520586567 -40.4808689067456 63.3072553381329
55.095878411431 -11.2039494552307 63.3052594111304
55.2068607850261 65.2448696021598 63.3021470113103
55.5304109751937 80.9101985317301 63.2978732035255
55.8122405713952 61.3545446968833 63.2923729222212
56.0353019952245 47.848852167297 63.2855525410427
56.1254031115992 -11.0886202866391 63.2772789775117
55.9265840643056 -83.1900334645759 63.2673657579175
55.5380307869721 -104.286344884649 63.2555552169764
55.125612463456 -96.1695856780499 63.241495568307
54.8045653125813 -60.5065537807393 63.2247353352228
54.6833861525844 6.00084781536379 63.2048218635418
54.8750225820947 82.2316023303686 63.1993288939676
55.2328641469196 87.0514764196507 63.2262699520227
55.5859586460399 94.3894050303695 63.2495118152443
55.9794379909067 87.812196417508 63.2689496451019
56.1540621177124 -14.2175126393985 63.2844973606273
55.8773931908742 -108.260174684877 63.2960854121016
55.4612289432848 -84.6869416434836 63.3036691748044
55.247962582733 -20.0236716864259 63.3072425389117
55.2650013024165 17.8870048576459 63.3068556340278
55.2929603896066 -12.6617266788346 63.3026349594512
55.1946739446161 -25.7856570700467 63.2947830581849
55.1683331739049 18.2127245987031 63.2835387170937
55.3033763808024 38.0394007805754 63.269155997735
55.3870853944571 -3.83964888753577 63.2518927098909
55.2465012962272 -64.9047109370064 63.2320002170809
54.9494072890709 -68.567914541737 63.2097145922069
54.7803961331361 -15.9812771159121 63.1934634342756
54.7819581028604 13.9680021113764 63.1920167243792
54.8919129235165 38.9762060045596 63.193731921698
55.0371992078429 24.96204476076 63.1932152411395
55.0529344767522 -15.4958009783736 63.1901869212158
54.9687288059838 -17.6464986243335 63.1846960318499
54.9502306322609 5.93512431459065 63.176812860571
54.957539785861 -8.24741520124447 63.166623479061
54.8774584233122 -29.5999362132264 63.1542255723355
54.7315003671629 -44.6438826239068 63.1397241139858
54.5142312249269 -62.2946499289895 63.1453754853245
54.3011144514965 -31.5763589383985 63.1525937222109
54.3136566072498 35.4989102393939 63.1569241360681
54.4949517288329 39.3669951248363 63.1584138421212
54.556861372231 -8.50733210672221 63.1590559737381
54.4699420707975 -27.1373240552204 63.1622601327737
54.3722304943876 -21.0907638931695 63.163037342859
54.3084420731799 -7.95288886050982 63.1614159148511
54.3299875407677 17.5941247978233 63.1576576726444
54.4006483039291 9.64947401257978 63.1733128225265
54.3716506205102 -22.9610325796458 63.1969558396809
54.2671759040311 -20.6280420201983 63.2174894086218
54.2490924999138 11.5874715338415 63.2348179041153
54.3276714161324 22.5410946377065 63.248863844535
54.4114367870769 18.990957056553 63.2595708674263
54.4816005589451 16.6402235825621 63.2669055704787
54.5456550920805 14.7756543322887 63.2708583598907
54.5894850875416 5.77422115166892 63.271443509775
54.5851600669094 -8.39161835412768 63.26869866782
54.5245580970853 -20.5212019900898 63.2626840527561
54.4341247104124 -23.7753148408992 63.2534825810224
54.3312794466752 -28.8599745206822 63.2449946796982
54.1976175749227 -37.3714867144056 63.2366920146096
54.0490817618743 -31.4220803446684 63.2258498736303
53.999547322529 10.4843842196649 63.2213488481167
54.1208530029133 43.8821832089325 63.2157128605031
54.2896496355835 34.1740717347555 63.2119477919834
54.364722938251 2.3558050013893 63.2200388051019
54.3141014243024 -26.0387404535224 63.2270436692606
54.1770505856725 -38.7608425171912 63.2329857386127
54.0337364917607 -28.0271441337654 63.2379004530639
53.9919986576775 9.78553253927292 63.2418385365575
54.0970913191051 36.8663893432305 63.2448627437001
54.2475182311898 36.682258153569 63.247040273679
54.3717299092699 20.8066856828085 63.2484348216232
54.3752393928819 -20.7295114716812 63.2490990555067
54.2347795614319 -43.1662820419947 63.2490682030643
54.0681919506517 -36.4902782962729 63.2483553584233
53.9908003019372 3.24650326152315 63.2469489653675
54.0959963442867 43.9088989005326 63.2448127260641
54.2739169906132 36.5567741916557 63.2418879215247
54.347115419409 -2.57058724734036 63.2380978608653
54.2529389287306 -41.6524402793732 63.233353951874
54.0597842362484 -47.0274685654002 63.2275627512792
53.9330918025839 -12.1672776455762 63.2206334656021
53.9568951277587 19.2403572793617 63.2124847950463
54.0457654757231 22.0852044248612 63.2030496047755
54.1278033547862 19.0571414743277 63.1922738884795
54.1848026346304 6.04852218428752 63.1801191073408
54.1690611695756 -10.2136281567656 63.166569099037
54.1524203357267 7.03537716190581 63.1516333450992
54.2292860792753 27.7108423422339 63.1353490591345
54.340754535832 24.6431793191684 63.1177825610954
54.4008972909597 2.27330061819915 63.1130058700557
54.3475343318379 -27.1493331316655 63.1363304447187
54.2319622294929 -21.8941681170729 63.1723906133991
54.21880745387 15.3082737793436 63.207821135443
54.3147509642648 26.5135166384797 63.2427025677461
54.4131671700356 23.707765644988 63.2770670250463
54.5147098748393 28.2505584950668 63.3108916191176
54.64036657812 31.8641764214024 63.3440972874176
54.7158669190898 -2.40147952896681 63.3765554363393
54.5893746191909 -58.0837134042524 63.4080991761043
54.3232284945838 -61.8510945010988 63.4385376983782
54.1897015302661 2.59995763490788 63.4676758372186
54.3452316624192 67.7985179808413 63.4953310999767
54.6455571991939 72.2560870486759 63.521344624765
54.8529093756047 26.1029495421044 63.5455865888055
54.8636475519236 -13.1785242338612 63.567958218277
54.8183094550675 -3.8468070845797 63.5883911218401
54.835652651224 8.32194427209665 63.606850121377
54.834489544899 -13.7862362723506 63.6233338030016
54.719399511409 -40.7480442086195 63.6378724461899
54.5465620492277 -41.6438241400025 63.6505206801692
54.4036924804615 -27.6205071443561 63.6613450251159
54.3477312354037 1.49656890954096 63.6704168922729
54.4122688281438 28.3691568931948 63.6778075811564
54.5560975944819 42.1285298286966 63.6835842606129
54.7381394043358 47.1221062565999 63.6878075954243
54.9082565986968 34.5224839599661 63.6905317148064
55.0060796861137 16.1069877296913 63.6918057779591
55.0697543680515 20.1078958116708 63.6927024605484
55.1796069123779 32.5817631547522 63.7149328949708
55.2896834717051 16.9506568072315 63.7348204919104
55.2966862606653 -12.0918597261004 63.7523646775346
55.2228593910731 -19.5447735994807 63.7675833143686
55.1735877292875 -2.95671248860679 63.7805132344418
55.197341820233 12.6297592606569 63.7912087689092
55.2547285409181 13.8225650969005 63.7997380766731
55.287345517816 0.117017732883177 63.8061788142067
55.2517249056079 -16.1327071786357 63.8106133682349
55.1835703718936 -14.7514267430014 63.8131235706661
55.1449515223061 -5.1955441896745 63.8137848911964
55.138435955593 4.3817044875971 63.8126673961255
55.2043073517162 29.1690846724927 63.8123289921898
55.3424006658123 32.7590136752306 63.8261220617548
55.4213837229666 5.454363796953 63.8387780891503
55.4084553711936 -6.58060018717344 63.8503120120497
55.4035775700071 5.98102246084583 63.8607340058818
55.460679234368 22.1144972495614 63.8700469313164
55.5561583854677 20.0006130936312 63.8782458803289
55.5891719441333 -4.1988202751262 63.8853187056424
55.53512015909 -20.3484044488491 63.8912471559526
55.4386503687412 -27.6487586241851 63.8960088358414
55.313463869343 -34.6390455208975 63.8995796592818
55.1673249014533 -37.5209385946939 63.9019364906413
55.0263280592721 -30.4491403189073 63.9030597480683
54.9345776027148 -16.2394110605141 63.9029358075551
54.884924210876 -8.84598033183105 63.9015605799628
54.8731750856961 3.87954555289652 63.8989469935975
54.91037673677 13.4734468048714 63.895129461704
54.9724406381492 15.7650568889885 63.890165703838
55.0122006883963 1.17026052468134 63.8841339826865
54.9745210391786 -19.3143178562311 63.8771256527637
54.8597110844936 -38.9077506206733 63.8692430215977
54.6676723310831 -53.5463749797523 63.8606003435244
54.4780442201453 -36.5536374804415 63.8512894482063
54.3644208332645 -25.13202051523 63.8413194363777
54.2494770070348 -32.2047842058393 63.8306167248215
54.1291065997543 -24.1880291171469 63.8190320449622
54.0751263587712 -2.65628657519662 63.8063408010856
54.0983826481883 13.2386961388778 63.7922454161691
54.1799355295975 27.6318693624349 63.7764524865256
54.3137509441803 37.1625128053717 63.7587747345618
54.4521289905658 29.0957307513891 63.7587347350325
54.5368666579138 13.8519303810897 63.7678385905744
54.5715810191989 3.85579161932162 63.7764159237585
54.5616364745081 -10.0341037704347 63.7843821023931
54.488102267791 -25.6474954063492 63.7916848385128
54.3778274054192 -26.3248515130208 63.7982978464279
54.2877231397095 -18.88825691808 63.8042213088381
54.2234418714651 -13.4051506551504 63.80948207386
54.1780902095023 -10.1500708537725 63.8141172173844
54.1306455130686 -15.1088897285256 63.818148729278
54.0537387284661 -22.3143430135032 63.8215773307835
53.9799413876955 -9.70602112284889 63.8250339702395
53.9980533644138 17.6858239297801 63.8555273193502
54.0835591145211 19.0116369180992 63.8843900926783
54.1292783466105 5.61182026258267 63.9113103273181
54.1475721419881 4.85856888769157 63.9360286904852
54.1761661418399 11.320272976134 63.9583400582399
54.254480418834 25.8577771635289 63.9780917151015
54.3384421870133 10.3993306250637 63.9951805233158
54.3208664923466 -17.0347423569156 64.0095494500959
54.2356858876461 -22.8020984819807 64.0211785480932
54.1391816826333 -25.7689666343364 64.0300729150417
54.0273446411768 -29.8714338460534 64.0362597481585
53.9235262681721 -17.1416892092387 64.0397866659732
53.9122121757972 10.8896395613913 64.040718251847
53.9859247842329 22.2517253094775 64.0391277544873
54.0782360334734 23.8870910741958 64.0350923299011
54.1797364803076 27.5509981850544 64.0286900971898
54.2954165213011 26.3938927118156 64.0199969709724
54.3476116575918 -3.96518030172903 64.0090860209873
54.2674137719592 -31.5160277149417 63.9960263218187
54.1470173970738 -22.6960260243235 63.9808803180346
54.1121091753402 5.8269316490942 63.9636967261344
54.1796742522878 24.0830091907542 63.9445081526107
54.2709270104197 19.0010302583455 63.9233304952881
54.3288575736367 10.8880049538579 63.9001611883924
54.3663736925527 8.45669141894234 63.8749760071469
54.3955729399551 5.68500316367554 63.8477292328323
54.4111466883195 2.43337673109147 63.8183604524063
54.4175415366306 0.909577771343098 63.7868020133278
54.422358601924 2.4532517021048 63.7529889710418
54.4420653800291 6.97744902149743 63.7168727045171
54.4623350695475 0.570888356903532 63.6784389019186
54.4330390749944 -16.4596539265895 63.6377301607698
54.3207158935712 -40.1881406577006 63.5948758278737
54.1284956972957 -49.6596404845481 63.5501239038603
53.9935352762065 -11.5159202911512 63.5302164219901
54.0473898761232 35.0765728998911 63.5294068555165
54.2253769409045 47.7315118694031 63.5258045310648
54.4012195370906 38.436800245635 63.519293576051
54.5302736883783 26.2888010147714 63.5097929286647
54.6122505245666 15.6789557834366 63.4972517109473
54.6754041150032 19.1261181427968 63.4816494944974
54.779131356171 32.2291468446542 63.4629979538617
54.9166648537915 33.4447480830606 63.4413441285383
55.0296465019183 22.4370676136424 63.4277139529839
55.1007217389852 13.1014323945545 63.4336510560263
55.1129882538906 -11.3130639768048 63.4362199277544
54.9898100860568 -49.1412239922345 63.4354418069161
54.758738452395 -60.4203284696943 63.4313619143978
54.5275880834352 -54.0266275430474 63.4240505468732
54.3313218234703 -43.8985772420119 63.4136022877165
54.1879695616031 -23.6567857029179 63.4001347073452
54.1731918743186 17.6217385251522 63.3837869334757
54.3122844028779 47.1043995240401 63.3647160191116
54.5130260530197 50.5398058140491 63.3430907611839
54.701351217964 42.0770871471093 63.3190860055423
54.8325823831365 19.9678208454281 63.2928781606622
54.8421215183233 -14.5895079309713 63.2646400206132
