# Fix print output for fix writeZ
66.843 -537.894048846143 62.0685
64.6914250892916 -537.863721148132 62.0911102865177
62.5660192113234 -513.913284872254 62.1132750230551
61.0880090757325 27.1716391472825 62.1348184258525
60.9542567458535 -367.187701417026 62.1555615209208
59.7095258455894 16.9155024087414 62.176971993523
60.1482748110107 119.776684071136 62.2369231510682
60.7398084968719 121.395304716085 62.2946462925279
61.0728865780035 74.361207387993 62.3498189028827
60.53566211514 -331.799969593766 62.4034578726255
59.5614408523656 -164.048190927413 62.4565512787501
59.2315876521764 99.5715428912764 62.5090890484704
59.6446208147511 68.685335304583 62.5605239433179
60.0073855314329 104.555765952572 62.6103846553573
59.7758703908563 -157.265601372981 62.6583371458441
60.068756316584 198.796553060303 62.7040944360926
60.5582815161625 80.4751883790381 62.747387042474
60.9441524350493 108.026297352332 62.7879838728104
61.0443779647232 -42.2716497878728 62.8257079012047
61.2984673152473 177.695516492384 62.8604267802944
61.6929977523879 3.20308678528575 62.8920431486898
61.4363323324502 -182.616539859303 62.9204863191914
60.5905542503039 -179.121480002803 62.9457069435457
60.0168029475477 -87.928612264742 62.9676679620668
60.1552350897 120.484588355443 62.9863347091567
60.792761835314 197.123855568619 63.0016762688063
61.4200482165216 42.4182315021359 63.0136428763818
61.0473959618875 -154.651875216637 63.0221650373866
60.4924943317554 -121.219093036436 63.0271768830292
60.0700997946654 -80.4596252982663 63.0286401396175
59.9271829869287 19.5957321550998 63.0265686721492
60.2042709269217 102.946007488704 63.0210298932657
60.64980126007 114.771850391187 63.0121345127534
61.0846745653709 102.989864428273 63.0262620041542
61.5042028609925 106.6775192818 63.0414193051932
61.9284857491319 105.639669673247 63.1002150491977
62.3560053188662 108.874039552002 63.1664321389531
62.8261997262168 129.504840099116 63.2291114249556
63.3819626194654 146.308958841396 63.2879606226116
63.9906266800088 157.699441134267 63.3429563524835
64.6382869776258 165.528838282812 63.3941928135448
65.3095701377499 168.67497225774 63.441852177802
65.9842700267809 168.67497225774 63.4861402541518
66.6589699158119 168.67497225774 63.5271966624642
67.3336698048429 168.67497225774 63.5650335582234
68.0083696938739 168.67497225774 63.5995278772239
68.6830695829048 168.67497225774 63.6305545576775
69.3577694719358 168.67497225774 63.658160922326
70.0324693609668 168.67497225774 63.6826344447833
70.7071692499978 168.67497225774 63.7044897590164
71.3818691390288 168.67497225774 63.7244198048397
72.0565690280598 168.67497225774 63.7432531664667
72.7312689170908 168.67497225774 63.7618764612248
73.4059688061218 168.67497225774 63.7810819713375
74.0806686951528 168.67497225774 63.801483484922
74.7553685841838 168.67497225774 63.8234667347398
75.4300684732147 168.67497225774 63.8471443319274
76.1047683622457 168.67497225774 63.8723529645608
76.7794682512767 168.67497225774 63.8987545978608
77.4541681403077 168.67497225774 63.9259184683484
78.1288680293387 168.67497225774 63.9533634835132
78.8035679183697 168.67497225774 63.9806038814707
79.4782678074007 168.67497225774 64.0071874720686
80.1529676964317 168.67497225774 64.0327193862649
80.8276675854627 168.67497225774 64.0568666019162
81.5023674744937 168.67497225774 64.0793454590042
82.1770673635246 168.67497225774 64.0999063977832
82.8517672525556 168.67497225774 64.1183186931884
83.5264671415866 168.67497225774 64.1343590008143
84.2011670306176 168.67497225774 64.1478049035726
84.8758669196486 168.67497225774 64.1584350046152
85.5505668086796 168.67497225774 64.1660454196219
86.2252666977106 168.67497225774 64.1704742007693
86.8999665867416 168.67497225774 64.17162962818
87.5746664757726 168.67497225774 64.1695223275102
88.2493663648035 168.67497225774 64.1643012479211
88.9240662538345 168.67497225774 64.1562873859702
89.5987661428655 168.67497225774 64.1459297795203
90.2734660318965 168.67497225774 64.1337185959461
90.9481659209275 168.67497225774 64.1201731665641
91.6228658099585 168.67497225774 64.1057805934871
92.2975656989895 168.67497225774 64.090818547778
92.9722655880205 168.67497225774 64.075322555231
93.6469654770515 168.67497225774 64.0592752400318
94.3216653660825 168.67497225774 64.042909610051
94.9963652551134 168.67497225774 64.0267546365045
95.6710651441444 168.67497225774 64.0115902621025
96.3457650331754 168.67497225774 63.9983063100179
97.0204649222064 168.67497225774 63.9877642467434
97.6951648112374 168.67497225774 63.9807107697727
98.3698647002684 168.67497225774 63.9776960295561
99.0445645892994 168.67497225774 63.9790240534403
99.7192644783304 168.67497225774 63.9847591491834
100.393964367361 168.67497225774 63.9947249149867
