# Fix print output for fix writeZ
66.843 -537.894048846143 62.0685
64.6914891554801 -537.539995903203 62.0911102865177
62.6197645937969 -455.622801671092 62.1132750230551
61.0277113969878 -324.985319629731 62.1348184258525
59.9448448247013 -141.000237353957 62.1555615209208
60.4317305797377 152.83332881859 62.1753250819749
60.972881536098 145.275927357602 62.1968658599262
62.285795259959 435.610934764317 62.2197050571543
64.0989693101152 463.09947479635 62.2443728951247
65.9587478567861 465.307757789808 62.2713044797146
67.8199788879454 465.307757789808 62.300672406999
69.6812099191048 465.307757789808 62.3323677110696
71.5424409502641 465.307757789808 62.3660814408309
73.4036719814234 465.307757789808 62.4014035324199
75.2649030125827 465.307757789808 62.4379366200807
77.126134043742 465.307757789808 62.4754036324008
78.9873650749014 465.307757789808 62.5137195725408
80.8485961060607 465.307757789808 62.5528710053954
82.70982713722 465.307757789808 62.5926891063486
84.5710581683793 465.307757789808 62.6328037045245
86.4322891995386 465.307757789808 62.6726514822927
88.293520230698 465.307757789808 62.7116114439866
90.1547512618573 465.307757789808 62.7491289643295
92.0159822930166 465.307757789808 62.7847436366229
93.8772133241759 465.307757789808 62.8181041841852
95.7384443553352 465.307757789808 62.8489697658219
97.5996753864946 465.307757789808 62.8771916666178
99.4609064176539 465.307757789808 62.9026738681288
101.322137448813 465.307757789808 62.9253569695564
