# Fix print output for fix writeZ
66.843 -537.894048846143 62.0685
64.6916916060471 -536.983397384365 62.0911102865177
62.8348655932364 -137.323618077442 62.1132750230551
63.3336512478928 181.500615676408 62.1348184258525
64.1060919503758 200.725712048005 62.1555615209208
64.9193126972254 204.966004255121 62.1753250819749
65.7417633264436 205.730109683432 62.1968658599262
66.5646837651773 205.730109683432 62.2197050571543
67.387604203911 205.730109683432 62.2443728951247
68.2105246426446 205.730109683432 62.2713044797146
69.0334450813783 205.730109683432 62.3006724069991
69.8563655201119 205.730109683432 62.33236771107
70.6792859588456 205.730109683432 62.366081440832
71.5022063975793 205.730109683432 62.4014035324227
72.3251268363129 205.730109683432 62.437936620087
73.1480472750466 205.730109683432 62.4754036324142
73.9709677137802 205.730109683432 62.5137195725673
74.7938881525139 205.730109683432 62.552871005445
75.6168085912476 205.730109683432 62.5926891064386
76.4397290299812 205.730109683432 62.632803704685
77.2626494687149 205.730109683432 62.6726514825771
78.0855699074485 205.730109683432 62.7116114444964
78.9084903461822 205.730109683432 62.7491289652667
79.7314107849159 205.730109683432 62.7847436383865
80.5543312236495 205.730109683432 62.8181041875277
81.3772516623832 205.730109683432 62.8489697720822
82.2001721011168 205.730109683432 62.8771916780275
83.0230925398505 205.730109683432 62.9026738881765
83.8460129785842 205.730109683432 62.9253570033612
84.6689334173178 205.730109683432 62.9452110764845
85.4918538560515 205.730109683432 62.9623657546401
86.3147742947852 205.730109683432 62.9866225659606
87.1376947335188 205.730109683432 63.0079516689128
87.9606151722525 205.730109683432 63.0262620041542
88.7835356109861 205.730109683432 63.0414193051932
89.6064560497198 205.730109683432 63.0532445536603
90.4293764884535 205.730109683432 63.0615360501115
91.2522969271871 205.730109683432 63.0661243494154
92.0752173659208 205.730109683432 63.0668989851568
92.8981378046544 205.730109683432 63.0638649940605
93.7210582433881 205.730109683432 63.0617576882321
94.5439786821218 205.730109683432 63.0625132345749
95.3668991208554 205.730109683432 63.0606325021721
96.1898195595891 205.730109683432 63.0562903495337
97.0127399983227 205.730109683432 63.052415859761
97.8356604370564 205.730109683432 63.0509817799276
98.6585808757901 205.730109683432 63.048316540106
99.4815013145237 205.730109683432 63.0532364273247
100.304421753257 205.730109683432 63.0801662322672
