# Fix print output for fix writeZ
66.843 -537.894048846143 62.0685
64.6914269070016 -537.846301910147 62.0911102865177
62.56976051312 -510.299837654763 62.1132750230551
61.0616061363959 -9.38453353681007 62.1348184258527
61.2876754056234 71.4732526200599 62.1555615209252
62.1678051490336 293.552413971817 62.1753250820379
63.8321242612038 483.986728698319 62.1968658599262
65.7824336931533 488.322512825811 62.2197050571543
67.7357237444566 488.322512825811 62.2443728951247
69.6890137957599 488.322512825811 62.2713044797146
71.6423038470632 488.322512825811 62.300672406999
73.5955938983666 488.322512825811 62.3323677110696
75.5488839496699 488.322512825811 62.3660814408309
77.5021740009732 488.322512825811 62.4014035324199
79.4554640522765 488.322512825811 62.4379366200806
81.4087541035799 488.322512825811 62.4754036324008
83.3620441548832 488.322512825811 62.5137195725409
85.3153342061865 488.322512825811 62.5528710053956
87.2686242574898 488.322512825811 62.5926891063488
89.2219143087932 488.322512825811 62.6328037045243
91.1752043600965 488.322512825811 62.6726514822914
93.1284944113998 488.322512825811 62.7116114439821
95.0817844627032 488.322512825811 62.7491289643181
97.0350745140065 488.322512825811 62.7847436365984
98.9883645653098 488.322512825811 62.8181041841377
100.941654616613 488.322512825811 62.8489697657381
