# Fix print output for fix writeZ
66.843 -537.894048846143 62.0685
64.6914260916538 -537.845043699007 62.0911102865177
62.577221560095 -503.051261146368 62.1132750230551
60.6242097627095 -477.21750807798 62.1348184258525
58.7143216948664 -470.838382521671 62.1555615209208
56.8236278827952 -475.157730581837 62.1753250819749
54.91090475255 -484.355230077861 62.1968658599262
52.9888171384947 -471.948705034688 62.2197050571543
51.1440553083268 -439.572006187804 62.2443728951247
49.3753787239656 -431.039056194197 62.2713044797146
47.7054121682854 -365.874339676619 62.300672406999
46.1820004328725 -381.920398244652 62.3323677110696
45.4690390063611 291.802452887758 62.3660814408309
46.8897408922979 363.716496640459 62.4014035324199
48.2393105384497 348.472977983203 62.4379366200806
49.6342088745432 339.488597061192 62.4754036324008
49.8485033442397 -302.168922725286 62.5137195725409
48.5745399891249 -328.49156073784 62.5528710053956
47.486000235209 -251.065192293202 62.5926891063488
46.3365500278039 -345.191649300011 62.6328037045243
45.519593026472 86.0306917606617 62.6726514822914
45.8817911958643 8.70625844251118 62.7116114439821
45.8064319944749 -67.1480133691709 62.7491289643181
45.5238697162316 26.7616956576378 62.7847436365984
45.8021007564806 0.390981802835401 62.8181041841377
45.8361792700366 85.2831784116097 62.8489697657381
46.3183813634914 120.306819220851 62.8771916664821
46.9663041330641 213.70073931878 62.9026738679278
47.6670513655116 139.578849366734 62.9253569692824
48.1697215872036 98.3833087627898 62.945211021502
48.3552747204272 3.8896256481147 62.9623657546403
48.4235906446801 45.9428229432081 62.9866225659611
48.4224810332003 -92.0400192321963 63.0079516689137
47.918077151757 -124.874859271473 63.0262620041557
47.4509049581455 -107.052509583626 63.0414193051956
47.3447063988405 87.1379150559338 63.0532445536641
47.902133892653 150.766273126439 63.0615360501171
48.5174897180697 180.316876790162 63.0661243494234
49.3238882066545 207.071489917229 63.0668989851682
50.125928402807 191.219395007768 63.0638649940775
50.7723441851771 134.260674946514 63.0617576882632
51.3049604634136 138.973622185813 63.0625132346182
51.7250587657627 28.8302394924574 63.0606325022333
51.6084317461744 -46.0696640502173 63.0562903496217
51.4220293032277 -64.7576980041906 63.0524159039176
50.9770265672921 -144.504467602353 63.0509818395908
50.6139071308637 18.2438814524044 63.0483166191566
51.0437622339833 138.987880308662 63.0534178309086
51.4077508570211 35.6242727764957 63.0803858281718
51.445056302311 3.60383442043327 63.1049379954332
51.5004464305939 13.278212849399 63.1273087038001
51.4034346366649 -76.0666687027395 63.147744333313
50.9327287801946 -127.080287388118 63.1664715961475
50.681705638949 21.2510450103197 63.1836806730629
51.0349722245135 128.439691815311 63.1995257545209
51.4858741872372 86.6181302566684 63.2141243483104
51.7485735865236 56.2594476184386 63.2275649874403
51.998140757365 63.3766404926328 63.2399123696519
52.1527689242012 3.86136833034984 63.2512125405329
52.0600063127799 -32.7911631492579 63.2614969475831
52.0406361064319 32.5700898780462 63.2707854332854
52.2259393374647 36.2904024789987 63.2790884760168
52.1996970060441 -49.4010447280677 63.2864088963098
51.9467767623636 -56.5325684745056 63.2927432057911
51.7904469165927 -26.8761437677675 63.2980835716844
51.7035901804941 -13.899200000199 63.3024207477704
51.7482505815501 46.4963833657187 63.3057449610282
52.0875703147661 114.851815212335 63.3080460769727
52.5452122269364 92.4086080974627 63.3093130303345
52.7397384916789 5.31858256647912 63.3095328621531
52.6342221654969 -49.5811000313036 63.3086894323248
52.4083969309405 -59.0016655583645 63.3067610308251
52.1947991267001 -41.8594862596005 63.3037169037195
52.1240820644424 10.2556857847398 63.2995126988268
52.2311331424976 30.7585772333941 63.2940841189279
52.3315137069272 21.3164879614431 63.2873384535454
52.4250233329993 24.8506991499641 63.2791435891817
52.4942313110526 6.14134018115906 63.2693139108409
52.4777240367517 -10.8987889551378 63.2575922473321
52.4408487918289 -3.58077471948793 63.2436266991235
52.4626931060385 13.100573299618 63.2269689744997
52.5247649264467 16.5935474656802 63.2071756251031
52.5930576966524 17.6573419612379 63.1993290139887
52.6721682164377 23.0952031184736 63.2262700897159
52.7827623742746 32.43126771645 63.2495119719768
52.9199439954063 29.9687834174931 63.2689498234487
52.9629951695995 -13.9783816265422 63.2844975649509
52.8109303594755 -53.7173980495834 63.2960856491046
52.6344914076429 -25.3813718935536 63.3036694540065
52.6022204697788 3.4781809812179 63.307242872995
52.6372256970148 13.0988208495451 63.306856039026
52.7016468403634 18.0502492739871 63.3026354547937
52.7483836653191 1.14685110569288 63.2947836667256
52.7138421739203 -13.5921495372354 63.2835394651632
52.6854741776621 2.86680587577162 63.2691569150911
52.7334375406237 18.8819420800462 63.2518938295293
52.8329298299831 31.2522641535471 63.2320015749183
52.972111842819 33.1741235365552 63.209716226646
53.0363690242903 -8.27189872374323 63.1934589224415
52.8811098107333 -66.4940936966505 63.192011248017
52.5876926623772 -62.4917355508941 63.1937335841494
52.4802436518848 13.1930333892871 63.1932172268443
52.6627710086015 67.0886884722194 63.1901892576311
52.9173169982327 51.2843151384194 63.1846987374759
53.0378698529696 9.47671535666356 63.1768159467048
53.0261097544069 -9.85528672061502 63.1666269520381
52.9897598264507 -6.28108586701337 63.1542294361268
52.9840890864968 3.75968678688289 63.1397283731121
53.0139816209621 9.42294200326962 63.1517937822537
53.0378025174719 -0.693445262447008 63.162274748353
52.9842812060435 -28.5145888417423 63.1702889143335
52.8042056419112 -59.5712755630046 63.1757952878219
52.5387093147792 -69.4094545321925 63.1787731518956
52.2988454863215 -40.4590447900557 63.1792218517254
52.261635786195 21.2566269734369 63.1771610857226
52.4170286137316 46.8426741080362 63.1726303365799
52.5995978017171 44.036778453117 63.1656874863815
52.7676333226408 39.870545571981 63.1564068728609
52.9175473022376 33.2744697286593 63.157017124496
53.0041816640079 7.02830080476876 63.1563911329922
52.9722272560738 -20.8364192936524 63.1538588096966
52.8532170013105 -38.9000529022013 63.1726099215394
52.6577141677203 -57.8810178996154 63.193985162449
52.4084791616158 -62.9616577375515 63.2126104781184
52.2122054928336 -28.3076659243011 63.2284076200256
52.1949977654999 15.7833534620719 63.2413291573967
52.2859460162081 24.8347934337087 63.2513598473035
52.4007209964153 37.1046128880555 63.2585169779762
52.6024354432802 59.4718922959533 63.2628487768486
52.7825090171958 19.5214324841341 63.2644310597505
52.7366535633467 -37.369794324091 63.2633623891633
52.5541201376151 -45.0396389036965 63.2597580623337
52.4154545527684 -21.2665395551757 63.2537434248608
52.3882304434561 4.47496573478145 63.247814303597
52.4113866682597 3.63280299023786 63.2571409019934
52.4133856098852 -1.05926715576003 63.2650230200224
52.4170417909491 3.12068286660007 63.2714630766465
52.4346569332953 5.76568216400454 63.2764781901365
52.4687531905235 12.7062621725752 63.2800974933541
52.5443736146308 24.5013656049173 63.2823589665471
52.6365882994483 13.8463615786337 63.2833063342564
52.6028695541635 -32.8786038129129 63.282987993448
52.4110676171573 -52.1741554510917 63.2814537836826
52.267334022572 -13.4706516700072 63.2787483761833
52.3237790150969 39.8741579610475 63.2749077583074
52.5303902217516 52.6600309450425 63.2699588241765
52.6865565384297 22.3032311442502 63.2639223116792
52.714492672415 -4.40084282394841 63.2568141947497
52.6834591351724 -8.88394604844896 63.2486468698622
52.6501260974573 -7.41370523485447 63.2394314215865
52.6289571157641 -2.1633632842667 63.2291809702837
52.6395698229906 7.69190443879578 63.2179115237701
52.685207829462 13.7645967526116 63.2056422304185
52.7376843788606 8.90011007688108 63.192397490194
52.7112145359588 -26.3245680459244 63.1841197611536
52.5392499566232 -49.82954264407 63.1744606769921
52.4209172164193 -0.346473280970506 63.1631013522827
52.5391008596696 51.6785559180241 63.1501816488269
52.7381519088025 38.9445704004705 63.1358510951726
52.8389225586959 14.3817405248121 63.1202647895567
52.8816841210135 9.07531714999416 63.1098359657699
52.9052091515526 -0.744627991477416 63.1084026913389
52.844530403412 -31.8625046402373 63.1071334729911
52.6682558568727 -47.2864773672456 63.106051372226
52.5652611086493 4.04005756816218 63.1051433819412
52.704265240386 57.4968967063177 63.1043641424792
52.9137846942413 35.5853093962355 63.1036424340784
52.9603800366388 -9.25402235491091 63.1054258607737
52.8908872565512 -18.9417126797091 63.1183244137792
52.8371061649082 -6.88230856712809 63.1489036637066
52.8391785703106 8.1978864988177 63.1787124203374
52.8937801050352 15.0837880050013 63.2076030796516
52.9143021834853 -8.7577165578464 63.2354401049897
52.8253377268541 -31.8464709738026 63.2621044491095
52.6923364394447 -32.7272427964917 63.2874876938756
52.5672604259325 -29.9954339060355 63.3114948097318
52.4535576904159 -25.3740084697257 63.3340462001718
52.3979753989232 2.74268858141463 63.3550734464828
52.4921036435105 42.3317321986196 63.3745157459619
52.6973958517636 55.3444674560332 63.3923213422541
52.8996672074095 37.8316720842924 63.4084539533522
52.9428316873786 -18.9869655251846 63.42303103655
52.772566804886 -58.2803737885155 63.4607274309089
52.5381923558042 -52.9171449817229 63.4964951302041
52.4062025289504 -8.08490801882935 63.5301998332455
52.4688203121476 33.4392993661217 63.561712588865
52.616464766978 36.2281735652976 63.5909126252795
52.7445371909129 25.5787860061203 63.6176848929325
52.7851813336971 -10.5605104250627 63.6419113377033
52.6457150691501 -55.4624413549721 63.6634689480017
52.4045040060248 -54.9288389504104 63.6822303016607
52.2725796147837 -6.7202902669192 63.6980650560092
52.3470321133971 39.6680931919587 63.7108426569073
52.5415799288144 49.4871820931265 63.7204364458468
52.6617742096165 3.21732051060332 63.726729220509
52.5681357782733 -41.2013561778411 63.7383734548448
52.4345200737744 -16.2087664105203 63.7487241024006
52.455971433375 24.07465531862 63.7565533646481
52.5652699071654 19.3029142147413 63.7618800121865
52.5548253497724 -25.3326998686878 63.764728806724
52.3863472730223 -53.6637801364233 63.7651267005249
52.1723690079541 -44.8975985745806 63.763097309429
52.1025909703206 16.973121055854 63.7586587979787
52.3065507903615 76.871775663635 63.751833448251
52.618851350104 65.9744441058419 63.7426572234751
52.748155054119 -7.35375869946269 63.7333373943865
52.5754445373037 -68.609239266267 63.7383613122429
52.3319835894363 -37.6360230609417 63.7425870730313
52.3340371051992 37.6276373677497 63.7461597893986
52.5753930086428 72.8220633063828 63.7492193446421
52.8373492955268 46.0896344205127 63.7519032547847
52.8679944036474 -33.1308445339066 63.7543458877277
52.6204212633845 -77.8200848720293 63.7566773922495
52.3647083314135 -37.3349012038268 63.7590226368775
52.3741480107465 41.3187550755446 63.7614992326918
52.6400018275433 80.2856018315186 63.7642155994859
52.8997976308281 35.8589522545513 63.7672705593695
52.8724171701302 -47.2373838316395 63.7707530217565
52.6115649834245 -63.6828871155726 63.7747413842447
52.477165964286 1.1996275168465 63.7792922945754
52.6035991072517 55.4134460913174 63.7843940504254
52.8714550805156 74.4870978629296 63.789948571696
53.1282544244976 42.1920146034994 63.7957819946995
53.1516310010171 -30.3022483598546 63.8016557562123
52.9488440704784 -58.6159880751974 63.8072731979178
52.7510508404733 -38.8722665225904 63.8122846038909
52.6327329770666 -21.0421848382207 63.816292067911
52.5801352863845 -4.16409674157277 63.8188648724289
52.6223573621671 27.7857356003961 63.8264455273647
52.7675231845383 33.4090510151607 63.84347207211
52.8092738182431 -16.672628602753 63.8585658352582
52.6661554766385 -44.4985478244773 63.871537936835
52.5297488952828 -21.2274142299344 63.8822235970915
52.4680922164259 -13.2376078917713 63.8904902251729
52.4100127812895 -16.8352317036553 63.8962431005739
52.3389373401144 -14.9112982645602 63.8994236361994
52.3257656901041 10.838637222412 63.9000091752525
52.4142275043346 28.2458456331345 63.8980160168726
52.5030238870644 11.8181826223387 63.8934979511999
52.5063352009982 -7.60683806239756 63.88653861209
52.4574396574159 -16.4576227743879 63.8772456257532
52.3767416347838 -22.8231079636012 63.8657445675224
52.3046665997948 -8.34265131658893 63.8521726692574
52.3317432454679 21.5077874299304 63.8366727773565
52.4505619352262 32.9186059822525 63.8193879598074
52.5686613147573 25.4111187568748 63.8004571269335
52.6492812282654 12.7316314640912 63.7800123671739
52.640012448995 -20.5186519622372 63.7581767794678
52.4839449698114 -54.2609567520609 63.7350659783486
52.2559603363519 -52.3931834527462 63.710808059892
52.1029966170646 -22.2916726038697 63.7161253379252
52.0729009262473 6.54746618128029 63.7312166545036
52.1574861758817 35.953699922876 63.7449079411662
52.3420487774323 51.7652709892584 63.7571343208525
52.5418185692805 46.5974799558113 63.7678601113768
52.7024218459753 30.2526066636909 63.7770967995571
52.7541038744948 -6.40920717339871 63.7848890699483
52.6576733239671 -38.4076132976411 63.7912942820827
52.4779682699571 -49.2460945795251 63.7963626913171
52.2720038629314 -52.5436995269918 63.8001190253099
52.0778504599238 -41.6814365816524 63.802548862164
51.9480895980247 -23.8056617968224 63.8035943510065
51.8876167329805 -4.19739681908032 63.8031572692512
51.9345307055881 28.2164489753621 63.8011076659362
52.0937832785158 46.7665848061578 63.7972969517519
52.2816419321814 46.2756799361826 63.7915765464008
52.4609842877031 43.2685614475699 63.7838133572785
52.6273805229352 39.8496894705951 63.7739003293055
52.780449970732 36.8105478834122 63.7617634034912
52.9173394374842 30.1984600449052 63.7473553039516
53.0095277881424 14.5293650133838 63.7306402952513
53.0280293905416 -5.16502860476288 63.7115933029476
52.9754608618612 -19.5569357052792 63.6902054502886
52.8858403503023 -23.6436194356539 63.6665060854461
52.7939049159575 -21.9409689045054 63.6405793615772
52.7118726233921 -18.907017154392 63.6125553645082
52.6438629991369 -14.9587856518669 63.5913466841125
52.5931628105519 -10.2750148702667 63.5805450164799
52.5620418607057 -5.32956570867849 63.5670799948606
52.5501275912931 -0.639422912618285 63.5510407903703
52.5572099765466 4.25316471805842 63.5325377519322
52.5849020764916 9.67806149589293 63.5127044032659
52.6344315702077 14.874485895748 63.5113344411626
52.7005460868624 17.6490183020571 63.5093025363013
52.771727943264 17.1213372384415 63.5063367278174
52.8256662655799 8.16977184465858 63.5021408992449
52.829452888783 -6.14048316236418 63.4964056504342
52.7851123836208 -14.3836993251676 63.4888220606238
52.7265347853179 -13.8813553281226 63.4790972933772
52.6809143272026 -8.22573654069145 63.4669708467101
52.664078937041 -0.0651516572130529 63.4522306054179
52.6797990256985 7.77172846366981 63.4347284680708
52.7253573611082 14.9038752548029 63.4143863606921
52.7971665148003 20.5845769191885 63.391195284031
52.8843680109233 21.8832536237426 63.3652233664663
52.9632418640912 16.6749475577081 63.3366065545585
53.0123438940299 7.37335216362208 63.3055008134957
53.0195694268462 -3.93092428066732 63.2720667535677
52.9811644740164 -15.0034255582112 63.2364675105302
52.9046371330457 -22.1355442262952 63.1988667961276
52.8125986845961 -23.1459705216404 63.170877300556
