# Fix print output for fix writeZ
66.843 -537.894048846143 62.0685
64.6914269792565 -537.845712645778 62.0911102865177
62.5716482923448 -509.517446451794 62.1132750219506
60.7901778820228 -294.197819809262 62.1348184207071
59.669813825998 -346.364749965399 62.1555619032966
58.1091168311346 -209.923814304293 62.1753348423769
58.3736549692702 99.9768066007847 62.1968658599262
58.8721042043204 168.035029358283 62.2197050571543
59.6563595544988 229.995675134998 62.2443728951247
60.3381032136282 127.211012869064 62.2713044797146
60.8303853939788 95.8522610647373 62.300672406999
61.1838258398757 33.9050582888943 62.3323677110696
61.0282298631045 87.2780740831318 62.3660814408309
62.2874420693114 374.373235199711 62.4014035324199
63.8952296967232 419.417251281635 62.4379366200806
65.5801377440532 421.530160153219 62.4754036324008
67.266258384666 421.530160153219 62.5137195725409
68.9523790252788 421.530160153219 62.5528710053956
70.6384996658916 421.530160153219 62.5926891063488
72.3246203065043 421.530160153219 62.6328037045243
74.0107409471171 421.530160153219 62.6726514822914
75.6968615877299 421.530160153219 62.7116114439821
77.3829822283427 421.530160153219 62.7491289643181
79.0691028689555 421.530160153219 62.7847436365984
80.7552235095683 421.530160153219 62.8181041841377
82.4413441501811 421.530160153219 62.8489697657381
84.1274647907938 421.530160153219 62.8771916664821
85.8135854314066 421.530160153219 62.9026738679278
87.4997060720194 421.530160153219 62.9253569692824
89.1858267126322 421.530160153219 62.945211021502
90.871947353245 421.530160153219 62.9623657546401
92.5580679938578 421.530160153219 62.9866225659606
94.2441886344705 421.530160153219 63.0079516689129
95.9303092750833 421.530160153219 63.0262620041543
97.6164299156961 421.530160153219 63.0414193051933
99.3025505563089 421.530160153219 63.0532445536604
100.988671196922 421.530160153219 63.0615360501116
