# Fix print output for fix writeZ
66.843 -537.894048846143 62.0685
64.6916653124701 -537.039868987547 62.0911102865177
62.8161634731852 -151.735665962002 62.1132750230551
63.3954804635374 208.39428369175 62.1348184258525
64.2576771404301 221.709186332157 62.1555615209208
65.1557678897381 225.57442970562 62.1753250819749
66.0580656085605 225.57442970562 62.1968658599262
66.9603633273828 225.57442970562 62.2197050571543
67.8626610462052 225.57442970562 62.2443728951247
68.7649587650275 225.57442970562 62.2713044797146
69.6672564838499 225.57442970562 62.300672406999
70.5695542026722 225.57442970562 62.3323677110696
71.4718519214946 225.57442970562 62.3660814408309
72.3741496403169 225.57442970562 62.4014035324199
73.2764473591393 225.57442970562 62.4379366200806
74.1787450779617 225.57442970562 62.4754036324008
75.081042796784 225.57442970562 62.5137195725409
75.9833405156064 225.57442970562 62.5528710053956
76.8856382344287 225.57442970562 62.5926891063488
77.7879359532511 225.57442970562 62.6328037045243
78.6902336720734 225.57442970562 62.6726514822914
79.5925313908958 225.57442970562 62.7116114439821
80.4948291097181 225.57442970562 62.7491289643182
81.3971268285405 225.57442970562 62.7847436365985
82.2994245473628 225.57442970562 62.8181041841379
83.2017222661852 225.57442970562 62.8489697657383
84.1040199850075 225.57442970562 62.8771916664826
85.0063177038299 225.57442970562 62.9026738679287
85.9086154226522 225.57442970562 62.925356969284
86.8109131414746 225.57442970562 62.9452110215048
87.713210860297 225.57442970562 62.9623657546401
88.6155085791193 225.57442970562 62.9866225659606
89.5178062979417 225.57442970562 63.0079516689128
90.420104016764 225.57442970562 63.0262620041542
91.3224017355864 225.57442970562 63.0414193051932
92.2246994544087 225.57442970562 63.0532445536603
93.1269971732311 225.57442970562 63.0615360501115
94.0292948920534 225.57442970562 63.0661243494154
94.9315926108758 225.57442970562 63.0668989851568
95.8338903296981 225.57442970562 63.0638649940605
96.7361880485205 225.57442970562 63.0617576882293
97.6384857673428 225.57442970562 63.0625132345708
98.5407834861652 225.57442970562 63.0606325021661
99.4430812049875 225.57442970562 63.056290349525
100.34537892381 225.57442970562 63.0524159039182
