# Fix print output for fix writeZ
66.843 -537.894048846143 62.0685
64.6914263956241 -537.851143051305 62.0911102865177
62.5690974355256 -510.442722397094 62.1132750230551
61.1357878248188 29.3889434480255 62.1348184258525
60.8840989269802 -352.96159049521 62.1555615209208
59.3695657033767 -378.404527365921 62.1753250819749
57.9345291531994 -289.220569718465 62.1968658599262
56.8955385141147 -209.755182753508 62.2197050571543
56.4669568139483 -79.6508272289852 62.2443728951247
56.7502817271462 273.936172162295 62.2713044797146
57.8848041923446 283.224387727523 62.300672406999
58.4507987074236 18.7196108189955 62.3323677110696
58.8203772134639 132.529490081823 62.3660814408309
59.3613747171915 142.307870157149 62.4014035324199
59.911275915588 112.400019207474 62.4379366200807
60.337490905948 98.5109953358408 62.4754036324009
60.7100638375886 34.9196801898262 62.5137195725411
60.6313506997163 -27.2323111057681 62.5528710053961
60.5122378720139 -45.405828138275 62.5926891063499
60.378186825533 -14.4236154145327 62.6328037045266
60.3809422239468 39.8682335023194 62.6726514822962
60.6916315221838 87.6019068438466 62.7116114439922
61.0628449447587 54.3584342838896 62.7491289643395
60.4296414020975 -265.268554920485 62.7847436366444
59.378059725171 -306.043421915945 62.8181041842358
58.1150914637636 -243.021533740386 62.8489697659419
57.6732656716798 -91.2990362151313 62.8771916668904
57.1613503112397 -136.190414916913 62.9026738687116
56.5728764873915 -173.305107448484 62.92535697072
56.2343285523285 23.9241931717751 62.9452110240197
56.3724576051254 106.343421456285 62.9623657546401
57.3698225846084 295.19324765513 62.9866225659606
58.5082373451739 274.642432234798 63.0079516689128
59.6113467376359 291.369323572651 63.0262620041542
60.7814384465769 300.206478582921 63.0414193051932
62.0294711219627 319.416222524975 63.0532445536603
63.4199148106203 369.200180782735 63.0615360501115
64.9161182472397 375.792539220371 63.0661243494154
66.4192884041213 375.792539220371 63.0668989851568
67.9224585610029 375.792539220371 63.0638649940605
69.4256287178845 375.792539220371 63.0617576882294
70.9287988747661 375.792539220371 63.0625132345711
72.4319690316477 375.792539220371 63.0606325021665
73.9351391885293 375.792539220371 63.0562903495255
75.4383093454109 375.792539220371 63.0524159027992
76.9414795022925 375.792539220371 63.0509818359609
78.4446496591741 375.792539220371 63.0483166120104
79.9478198160557 375.792539220371 63.0532364273033
81.4509899729373 375.792539220371 63.080166232239
82.9541601298189 375.792539220371 63.1046764027544
84.4573302867005 375.792539220371 63.1270019348626
85.960500443582 375.792539220371 63.1473899670591
87.4636706004636 375.792539220371 63.1660680102984
88.9668407573452 375.792539220371 63.1832270961943
90.4700109142268 375.792539220371 63.1990219299651
91.9731810711084 375.792539220371 63.2135703379096
93.47635122799 375.792539220371 63.2269608596414
94.9795213848716 375.792539220371 63.2392580136825
96.4826915417532 375.792539220371 63.2505075889073
97.9858616986348 375.792539220371 63.2607406985533
99.4890318555164 375.792539220371 63.2699767800523
100.992202012398 375.792539220371 63.2782258542478
