# Fix print output for fix writeZ
66.843 -537.894048846143 62.0685
64.6916424805075 -537.093487288544 62.091110286516
62.7736463731381 -226.012206201652 62.1132750004403
62.8021615124674 85.7153721686016 62.1348169570574
63.5235257538238 226.384871230909 62.1555523737191
64.452706435939 236.714011157659 62.1752972415283
65.4102084056004 240.464752851961 62.1968658599262
66.3720674170083 240.464752851961 62.2197050571543
67.3339264284161 240.464752851961 62.2443728951247
68.295785439824 240.464752851961 62.2713044797146
69.2576444512318 240.464752851961 62.300672406999
70.2195034626397 240.464752851961 62.3323677110696
71.1813624740475 240.464752851961 62.3660814408309
72.1432214854554 240.464752851961 62.4014035324199
73.1050804968632 240.464752851961 62.4379366200806
74.0669395082711 240.464752851961 62.4754036324008
75.0287985196789 240.464752851961 62.5137195725409
75.9906575310868 240.464752851961 62.5528710053956
76.9525165424946 240.464752851961 62.5926891063488
77.9143755539025 240.464752851961 62.6328037045243
78.8762345653103 240.464752851961 62.6726514822914
79.8380935767182 240.464752851961 62.7116114439821
80.799952588126 240.464752851961 62.7491289643181
81.7618115995339 240.464752851961 62.7847436365984
82.7236706109418 240.464752851961 62.8181041841377
83.6855296223496 240.464752851961 62.8489697657381
84.6473886337575 240.464752851961 62.8771916664821
85.6092476451653 240.464752851961 62.9026738679278
86.5711066565732 240.464752851961 62.9253569692824
87.532965667981 240.464752851961 62.945211021502
88.4948246793889 240.464752851961 62.9623657546402
89.4566836907967 240.464752851961 62.9866225659609
90.4185427022046 240.464752851961 63.0079516689134
91.3804017136124 240.464752851961 63.0262620041552
92.3422607250203 240.464752851961 63.0414193051948
93.3041197364281 240.464752851961 63.053244553663
94.265978747836 240.464752851961 63.0615360501157
95.2278377592438 240.464752851961 63.0661243494222
96.1896967706517 240.464752851961 63.0668989851675
97.1515557820595 240.464752851961 63.0638649940771
98.1134147934674 240.464752851961 63.0617576882293
99.0752738048753 240.464752851961 63.0625132345708
100.037132816283 240.464752851961 63.0606325021661
