# Fix print output for fix writeZ
66.843 -537.894048846143 62.0685
64.6915421265036 -537.357826604209 62.0911102865177
62.6604423391654 -401.849349138432 62.1132750230551
61.40728331529 -257.602745463263 62.1348184258525
60.542843138551 -203.992616032052 62.1555615209208
59.6187293894413 -243.101648185354 62.1753250819749
58.7428626210835 -227.918291395015 62.1968658599262
58.1464455479653 -106.180556018236 62.2197050571543
58.2145190302938 259.256746624697 62.2443728951247
59.1783883417138 216.400436278766 62.2713044797146
59.9913999226633 177.032858841708 62.300672406999
60.7267991961944 220.598551722622 62.3323677110698
62.0161387819643 331.190154440268 62.3660814408317
63.5037165529835 402.034416078083 62.4014035324222
65.1301041838495 408.431245734174 62.4379366200866
66.7638291667863 408.431245734174 62.4754036324149
68.3975541497231 408.431245734174 62.5137195725719
70.03127913266 408.431245734174 62.5528710054596
71.6650041155968 408.431245734174 62.5926891064738
73.2987290985336 408.431245734174 62.6328037047587
74.9324540814704 408.431245734174 62.6726514827187
76.5661790644073 408.431245734174 62.7116114447574
78.1999040473441 408.431245734174 62.7491289657554
79.8336290302809 408.431245734174 62.7847436393384
81.4673540132177 408.431245734174 62.8181041894262
83.1010789961546 408.431245734174 62.848969775852
84.7348039790914 408.431245734174 62.8771916853102
86.3685289620282 408.431245734174 62.902673901671
88.002253944965 408.431245734174 62.9253570271724
89.6359789279019 408.431245734174 62.9452111163936
91.2697039108387 408.431245734174 62.9623657546401
92.9034288937755 408.431245734174 62.9866225659606
94.5371538767124 408.431245734174 63.0079516689128
96.1708788596492 408.431245734174 63.0262620041542
97.804603842586 408.431245734174 63.0414193051932
99.4383288255228 408.431245734174 63.0532445536603
101.07205380846 408.431245734174 63.0615360501115
