# Fix print output for fix writeZ
66.843 -537.894048846143 62.0685
64.6914326093721 -537.798340442612 62.0911102865177
62.5783877330208 -502.876570731077 62.1132750230551
60.8000559664378 -304.381116818285 62.1348184258533
59.6788166141948 -315.966599732757 62.1555615209437
58.2046307004947 -347.336545489626 62.1753250822294
57.0184669570322 -266.000496039736 62.1968658599262
56.7565294441464 13.10829680737 62.2197050571543
56.4709611391849 71.4788319539825 62.2443728951247
57.8782050320502 297.870722053346 62.2713044797146
57.6135504589284 -150.065567488603 62.300672406999
57.1736745501626 -89.9721769519809 62.3323677110696
57.0772251086796 -12.6004271524582 62.3660814408309
56.6452248526425 -76.2651488483015 62.4014035324199
56.4144856296364 -161.060355057732 62.4379366200806
55.6817704861919 -108.819468985631 62.4754036324008
55.4999108812583 1.53531605564407 62.5137195725409
55.7091187136692 70.7713083209973 62.5528710053956
56.1412216220247 103.596401555315 62.5926891063488
55.5997165255488 -278.856404723812 62.6328037045243
54.7265541239327 -149.129637548425 62.6726514822914
54.1313585581497 -153.717531404862 62.7116114439821
53.3853732961962 -203.755451361407 62.7491289643181
52.7586895050172 -138.825277120935 62.7847436365984
52.1267028915605 -152.019341339674 62.8181041841377
51.7450928081631 -63.2008558115204 62.8489697657381
51.3797094311858 -107.039410719055 62.8771916664821
50.9846538448388 -113.148763663494 62.9026738679278
50.5945879983634 -61.4248033043408 62.9253569692824
50.4075790831753 -50.4587374058541 62.945211021502
50.1382726095414 -69.6965275323811 62.9623657546401
50.1184128086929 55.1676321187297 62.9866225659606
50.3437481769763 48.5925714782876 63.0079516689128
50.5989186897277 92.1189039832871 63.0262620041542
51.0667322940012 119.012951107422 63.0414193051932
51.5692814939633 146.021525477164 63.0532445536604
52.0863290899698 108.657534738627 63.0615360501115
52.53393228294 115.616571732533 63.0661243494155
52.8549526230982 16.6882323782113 63.0668989851569
52.7316280321375 -44.4102939851512 63.0638649940608
52.6363715450174 -10.6793474730843 63.0617576882293
52.6243099331836 7.44736754460122 63.0625132345708
52.6756788544964 10.9806066413631 63.0606325021661
52.6874686171268 -5.68464629423584 63.0562903495249
52.5925452144594 -41.1011748806423 63.0524160772991
52.4399386016187 -22.6307258001308 63.0509820813009
52.455056853637 28.3871015133165 63.0483169538964
52.6243634932939 51.5481693479786 63.053236427297
52.8783945703559 72.4296951933538 63.08016623223
53.115255425165 36.0082711671925 63.1046764027418
53.1598753225112 -7.68333616191351 63.1270019348449
53.0906025482299 -24.3370157248502 63.1473899670342
53.0087959736628 -8.5424379380673 63.1660680102636
53.0582144354321 32.081362993912 63.1832270961459
53.2155784124112 38.7735623386345 63.1990219298982
53.3570307526523 34.3010968932929 63.2135703378176
53.4856408710929 26.6190566065142 63.2269608595159
53.5388819573216 -2.33728351509609 63.2392580135122
53.4747261151958 -25.9265556057299 63.2505075886778
53.3616288265426 -29.6361435740168 63.2607406982462
53.2245846800813 -40.1232450822321 63.269976779644
53.0473778221348 -46.4806626193981 63.2782258537091
52.8677282814357 -40.9329059171793 63.2854902527174
52.7320790042852 -27.1412405545866 63.2917660238009
52.6427040681117 -18.4044242185761 63.2970452886313
52.5831540842774 -11.17313979174 63.3013191006045
52.5543927627969 -2.92734437112205 63.3045781960168
52.5625731954184 7.26550237061566 63.3068130037719
52.6121898435484 17.4508028627692 63.3080130025273
52.7009778620282 26.3965767754517 63.3081656800395
52.8084619747211 22.7769352971789 63.3072549901886
52.845712757413 -6.1042648550391 63.305258972024
52.7712157427956 -27.5726829300528 63.3021464584059
52.6532758758406 -28.4087242515292 63.2978725084591
52.5595438977223 -17.8065714138359 63.2923720496135
52.5081397057383 -8.70078693339732 63.2855514469525
52.4870017155115 -2.1932942762024 63.277277607562
52.4905870224434 4.51054947022685 63.2673640449958
52.5323745389737 16.7399727124268 63.2555530783778
52.6179743867845 24.7062791416226 63.241492902147
52.70413411359 12.8355708558643 63.2247320140462
52.6846928896435 -23.1545326913804 63.2048177242443
52.5508522718021 -38.0430342722707 63.220797332724
52.39921734462 -38.1230091634817 63.2483628052972
52.2519190034166 -32.749566852414 63.272138517281
52.1615113883355 -10.2783263368404 63.2920156963588
52.1834619863793 21.8601037089517 63.3078972714239
52.3135513682324 35.9418603160352 63.3197000322521
52.4375087808692 25.7667226755143 63.327362735447
52.5165067238499 10.6172547217799 63.3308600255761
52.4952059958402 -21.8780297824728 63.3302218354307
52.3627279987477 -38.1831127810571 63.3255555321582
52.254300417321 -8.84770867813013 63.3170556703543
52.3057657116698 29.3262731212258 63.3049720550386
52.4164283330569 19.0058374826591 63.2895760935735
52.4496357120237 -1.60777125345877 63.2711458572366
52.4017836355008 -22.9335685086574 63.2499538911573
52.2634719729286 -46.3817317542554 63.2262563372672
52.0283322242368 -71.5461445863536 63.2002839200322
51.699366097377 -87.4229534022212 63.1957332637668
51.4073222881135 -51.5765102462883 63.1966255235794
51.296521064743 -6.19798509212068 63.1948406579364
51.2982410251154 -4.33241813251194 63.1904097282915
51.1963548841505 -49.0031564462386 63.1833923418225
50.9402129185488 -68.0029338683504 63.1738710977354
50.745361482994 -23.7422097820405 63.1619459409573
50.7571396961346 26.9714327942781 63.1592451849531
50.9225003145717 50.4283844967443 63.1721476160036
51.1227348291073 43.6766452773996 63.181925052603
51.2289627134657 6.78113016385136 63.1885662993316
51.1856161463371 -24.6284876724484 63.1920981056046
51.0675300337538 -30.6218106057565 63.1925818985647
50.9535567685191 -26.7489922930377 63.1901049609607
50.8558699593454 -20.8581665491288 63.1847746232573
50.7890487506939 -13.8340433864413 63.1892469519817
50.7382929866143 -9.20297494668204 63.1912717174005
50.7384180656031 9.69937971846961 63.190305903345
50.7919393663949 12.1670317003558 63.186397608373
50.8038910708875 -7.84111573945331 63.1796283495419
50.740983859001 -19.5895360535115 63.1701081286856
50.6819871784586 -6.94692480767265 63.1579676274544
50.6851326122348 5.75083501670942 63.1494044435834
50.6999945675578 -1.20724762064457 63.1432187112501
50.6841060981879 -2.32191011746393 63.1561478394935
50.7046173528909 12.9582095105478 63.1737857812723
50.762762027546 9.9428958508866 63.1887834827387
50.7422731006764 -22.1173850513805 63.2010897388493
50.6079244068704 -36.0248156978275 63.2106818226074
50.5293645368912 2.02348250851663 63.2175664110547
50.6161012992451 34.6746760016103 63.221779082555
50.7430569080666 24.4933754011899 63.2233823702356
50.8100201749607 9.90983133047629 63.2224624684019
50.827094683232 -0.460006662548493 63.2332487108666
50.8179181195353 -3.01848801295218 63.2437207068128
50.8079670957527 -1.7681772885762 63.2529929393955
50.8015796117469 -2.17558539667057 63.2610724334431
50.7825190089016 -7.8165709084613 63.2679806698767
50.7398645563066 -13.2349832624044 63.2737530101897
50.6794082569532 -16.5598744723037 63.2784381022111
50.6106833824473 -16.6707569780674 63.2820994902707
50.5656190463189 -3.62098958653114 63.2848169559028
50.5845732592835 11.4319147877416 63.28667989168
50.6375543799594 13.3658547564311 63.2877784920942
50.690247744781 13.3561176659152 63.2881947326254
50.7438338383938 13.2205067727903 63.2879939665683
50.7973022649921 14.2672689224511 63.2872179516055
50.8662963745066 20.2975083354749 63.2858800077972
50.9368952337012 10.8426875393145 63.2839628150438
50.9360950868321 -10.195609740514 63.2814190903987
50.8838396118707 -11.688899085838 63.2781750695408
50.8559532646466 -3.13717559346252 63.2741364161595
50.8519902760474 0.852932324080598 63.269195933861
50.862056045241 4.26821060256165 63.2632422949702
50.888189383317 9.12323387091508 63.2561689614067
50.9380515183743 16.3202611945413 63.2478823807946
51.0219094615701 25.6143545588343 63.2383059380649
51.1248530421213 19.2404121527141 63.2273773228868
51.1242820198901 -21.6934769099303 63.2150504246817
50.9926054303626 -32.5070066798419 63.2013027373758
50.9479260878672 14.7090463843318 63.1861404868746
51.0848191815326 43.8661191205288 63.1696004986859
51.2148904005459 15.1869807796657 63.1517511373917
51.2027269125166 -17.7347174054055 63.1326923512396
51.1148263633807 -21.1109888903743 63.1329974376375
51.058619965949 -5.53924278430032 63.1346706034911
51.0743241045458 12.7857105249928 63.1350841059626
51.1460043583777 19.6097359783706 63.1341782951762
51.1973985015574 2.48121972221325 63.1319138581575
51.1578379926109 -20.1751381217446 63.1282720835944
51.0635727911756 -23.9088985312456 63.1232580949818
50.9845135483606 -13.2894527029854 63.1219039841413
50.9729174517028 7.96283443511642 63.1289006305831
51.0360945373313 20.9884018210514 63.1562380102871
51.1222050308821 19.739318320535 63.1824769624652
51.1676372084365 -0.651534868684684 63.2075280506398
51.1037643252632 -29.6620532826133 63.2313340844085
50.9639692800594 -35.1664765595163 63.2538579752773
50.8561773571352 -15.6130644573626 63.2750787970453
50.8523239955866 13.987653040088 63.3112900662734
50.9566866562908 34.66444170488 63.353279226182
51.0806286516384 20.1057607834678 63.3935613758357
51.082533446332 -19.4982801620123 63.4319966110007
50.951935521176 -39.5422394815761 63.4684457473712
50.82486022454 -17.7915580767968 63.5027692975279
50.8359176336994 22.8757430243928 63.5348307782001
50.9764882767768 41.3879853946358 63.5645000703864
51.1277933274226 30.3345229628489 63.5916551055403
51.1871943159448 -4.01591546218002 63.6161773959428
51.0892269961224 -42.0200035311529 63.6422304246092
50.8993070991729 -44.7215137314804 63.6649074125573
50.7952980733032 -1.21211295114367 63.6835801125606
50.9010308484692 49.8426541589045 63.6982887905218
51.1026044214194 35.7779352004149 63.7091255300394
51.1197271442735 -28.2728782571055 63.7162275940511
50.9311875416688 -50.480362995159 63.7197652589196
50.8304937005693 6.6614376727948 63.7199231251047
50.9746315783892 57.0344356381114 63.7168884327663
51.1837127852782 36.9434300735917 63.7108426094208
51.2386416381246 -8.50271476063705 63.7168428592676
51.1507293124808 -29.7575625600878 63.7209746547206
51.0277621788294 -30.4142661716883 63.7229075416298
50.9295442384773 -14.4783423515422 63.722701567327
50.9409716701198 21.9643589040055 63.720408311432
51.0941687723328 49.4257185282837 63.7211498371042
51.2562170753237 21.0903250582317 63.7253214084878
51.2236785123488 -36.0820887549185 63.7282489564057
51.0400712479246 -40.3254127040856 63.7300514765586
50.9906626228424 19.2094742081907 63.7308624872423
51.1663756189051 58.0628392532791 63.7308296175987
51.3605464573334 32.6943850246734 63.7301085441145
51.4217960541055 0.994268746513428 63.7288657371692
51.4020581867339 -7.89546685035336 63.7272850818028
51.3630845080862 -11.6983013594913 63.7255661199466
51.3148935797572 -10.8777985645956 63.723919892906
51.2864239974233 -2.69328592387621 63.7225636712275
51.2963650597502 7.51773176412549 63.7217125123637
51.3301023187644 5.10304496951823 63.7215331433028
51.3082705389837 -17.1646936757372 63.7220868222638
51.2172885839512 -21.8287775528841 63.7233288590505
51.1806982820892 6.13158065627626 63.725118300026
51.2481201523268 21.2524240361606 63.7272237746703
51.2976703615601 -0.585774539625921 63.7293277085556
51.2478398298645 -19.5091774774084 63.7358189423015
51.1911183236532 -3.90329322559251 63.7581046607306
51.2265726718051 19.1115997119654 63.7798747203206
51.3052895359718 14.8315726884333 63.8009281417125
51.3188065778601 -8.56517823068457 63.8210487660654
51.2540321959598 -19.5750894390817 63.8400106215575
51.1977322023492 -5.3506291285255 63.8575842672414
51.2186092149805 14.4642800613423 63.8735437455276
51.289050695383 16.7628302479599 63.8876741311294
51.3273888277633 0.703950457804113 63.8997766484634
51.2942116669799 -15.7895254793001 63.9096711225246
51.2197760474428 -18.822970801452 63.9172103270652
51.1597375025372 -9.89495371743015 63.9222793761448
51.1455769080726 2.63152621264845 63.9247903529982
51.1742834470629 10.5889574930594 63.9246805378067
51.2227908731536 12.9932631082408 63.9219146862904
51.270675678793 9.55420205774576 63.91649108084
51.2878248730397 -2.02548117669691 63.9084500374856
51.2530532358307 -14.6064698131897 63.8978727102185
51.1817270393171 -19.513158203605 63.884870162323
51.1065887614659 -17.0935136873995 63.8695816385084
51.0544055714063 -7.83692294832584 63.8522310362137
51.0484965680656 4.66017753653513 63.8496403781534
51.0840892083015 11.7294214865367 63.8459612059744
51.1296899835233 9.26258946552545 63.8415404108323
51.1441449746247 -3.27636174679679 63.8367003985085
51.10250679563 -16.5038187237335 63.8317269217412
51.0254439715867 -20.2745325515862 63.8268584889498
50.9519556648543 -15.1188252140139 63.8222764246226
50.9128433991009 -3.99997921954219 63.8180935145899
50.9172868064952 5.25906570070191 63.8143461444711
50.946225754636 8.34193065691652 63.8109965177123
50.9790268048888 7.50186379608117 63.8079398679595
51.0022890916893 3.7076401146609 63.805015485158
51.0059783328164 -2.1101363323155 63.8020228542844
50.984640944926 -8.47921352655422 63.7987517399716
50.9399601376913 -13.5242405070862 63.8006191867819
50.8798705064159 -15.9940082304017 63.8070963604272
50.8169513052324 -14.5847167531754 63.811654882679
50.7737038907502 -5.64523972421076 63.8141822916801
50.7779093668825 7.59630509261354 63.8145913513694
50.8261772171419 14.9199858256114 63.8128211155672
50.8845845417184 12.8014189932518 63.808836968931
50.9166857736953 2.00231864579417 63.8026278051814
50.8971865389223 -11.2113349314209 63.7942037350471
50.8379215686958 -16.2883006588119 63.7835942699248
50.7856721379384 -7.78017512691085 63.7708460818956
50.7854460875368 7.79662428603759 63.756020822554
50.8403707407343 17.7683766713568 63.7391931708581
50.9065264312398 12.3643359806465 63.7204493960814
50.9212272059395 -5.99341054813967 63.6998860754762
50.8679066738071 -17.1573971063528 63.6966033459117
50.819872713291 -3.01594729886703 63.6973474776474
50.8535555447305 18.0596035001934 63.6974615251754
50.9324286860778 16.6021077230414 63.6967770700732
50.9612252588842 -2.94254732702933 63.6951256772499
50.9211209098933 -13.8844755611473 63.6923433843947
50.8793596080213 -3.8127424798155 63.6882794939732
50.9028405158218 14.9754832521862 63.6828135054182
50.9772726924683 18.0022091273914 63.6758568941277
51.0178143777484 0.606529410005312 63.6673477591084
50.9913388525561 -10.3670007507684 63.6572465055438
50.9653052193134 0.0918487505095628 63.6455329893548
50.9975193164282 14.8441960989684 63.632205641725
51.0658590579531 16.3951586478415 63.6172826175461
51.1067268329679 2.16781304082062 63.6007941472098
51.0841622900044 -11.0360718969494 63.5827436105186
51.0481429415461 -3.34295479229767 63.5630934234294
51.0705795193862 13.888957812941 63.5417751589332
51.1419233207991 19.0946842310911 63.5186969591508
51.206586203404 11.767018752472 63.4937317814469
51.2266149890566 -2.49329772708535 63.4667081180811
51.1878344697581 -15.6990317224654 63.4374065876921
51.1204505183539 -14.5858643962652 63.4055882788825
51.0947512118541 3.31139253720593 63.3710540734255
51.1426236316071 18.0107796536509 63.3336554905203
51.209835260834 12.1076920945448 63.2932960286833
51.2237220897642 -5.51151884947146 63.2499351333666
51.173535910673 -17.5418956887549 63.2303635147063
