# Fix print output for fix writeZ
66.843 -537.894048846143 62.0685
64.6914238046148 -537.891999973469 62.0911102865177
62.5618088464644 -518.939157508273 62.1132750230551
61.0114677502183 -90.1357729394892 62.1348184258597
61.0222566781349 249.101349149771 62.1555615210765
62.6466443673599 448.602416553163 62.1753250831596
64.5348406449832 481.332006693522 62.1968658599262
66.4607597874511 481.48423105287 62.2197050571543
68.3866967116627 481.48423105287 62.2443728951247
70.3126336358742 481.48423105287 62.2713044797146
72.2385705600858 481.48423105287 62.300672406999
74.1645074842973 481.48423105287 62.3323677110696
76.0904444085089 481.48423105287 62.3660814408309
78.0163813327204 481.48423105287 62.4014035324199
79.942318256932 481.48423105287 62.4379366200806
81.8682551811436 481.48423105287 62.4754036324008
83.7941921053551 481.48423105287 62.5137195725409
85.7201290295667 481.48423105287 62.5528710053956
87.6460659537782 481.48423105287 62.5926891063488
89.5720028779898 481.48423105287 62.6328037045243
91.4979398022013 481.48423105287 62.6726514822914
93.4238767264129 481.48423105287 62.7116114439821
95.3498136506244 481.48423105287 62.7491289643181
97.275750574836 481.48423105287 62.7847436365984
99.2016874990476 481.48423105287 62.8181041841377
101.127624423259 481.48423105287 62.8489697657381
