# Fix print output for fix writeZ
66.843 -537.894048846143 62.0685
64.691423804591 -537.883097114504 62.0911102865177
62.5676522188214 -512.884418773971 62.1132750230551
60.7757880411417 -316.027366861716 62.1348184258525
59.4964000178868 -384.942255428735 62.1555615209208
58.242186899003 181.58129582436 62.1753250819749
59.7245889675455 194.044331059829 62.1968658599262
60.0599035158696 147.783932160409 62.2197050571543
60.7787653948596 187.713536620171 62.2443728951247
61.0721017587523 -236.320715205813 62.2713044797146
59.7777265584587 -357.244929595395 62.300672406999
58.2545989772818 -339.971117095703 62.3323677110696
57.3071051119776 -234.997401276375 62.3660814408309
56.5663348506991 -107.093717038098 62.4014035324199
55.9357382076097 -199.941058551199 62.4379366200806
55.0929982374281 -211.326917345166 62.4754036324008
54.0682121234853 -295.32455814702 62.5137195725409
53.2881332092726 -107.188435655719 62.5528710053956
52.4901188375558 -270.417863888871 62.5926891063488
51.5014739691968 -227.656845391304 62.6328037045244
50.5651934908316 -228.837353118632 62.6726514822915
49.7606263987102 -197.19115266158 62.7116114439825
48.94394493723 -173.36021560376 62.7491289643192
48.2177585964084 -263.125158255066 62.784743636601
47.1005238791076 -226.326465376304 62.8181041841441
46.3617170299252 -179.376777612639 62.8489697657534
45.6562069410632 -148.209241002925 62.8771916665171
45.0654972642122 -253.800689404475 62.9026738680039
43.9149333248627 -135.681769680751 62.9253569694391
44.3779335398707 187.525765125134 62.9452110218082
45.0279454826822 55.6653051570071 62.9623657546401
44.5890174416783 -161.523400839291 62.9866225659606
43.9802463526497 -97.8498194222835 63.0079516689128
44.3975861230233 209.227927570747 63.0262620041542
45.1884321328026 179.117119006726 63.0414193051932
45.962511209073 218.457648128211 63.0532445536603
46.6381446622537 96.2858409707721 63.0615360501115
46.8892557033039 25.7090246263971 63.0661243494154
46.6003571670786 -239.433152740625 63.0668989851568
45.4296029271638 -218.73878200674 63.0638649940605
45.1764156160216 10.6318242280251 63.0617576883566
45.3429984724414 112.684705695282 63.0625132348133
46.3638993773783 315.415784854302 63.0606325026168
47.1173619712346 29.7142534828173 63.0562903503439
47.1016300968412 -17.7505332615627 63.0524159038703
46.9124527695358 -72.1717465945572 63.0509818395016
46.7265115472611 24.6550328916745 63.0483166190008
46.9842994611901 -0.938325576710534 63.0532364272969
46.3341245817775 -235.886476351978 63.08016623223
45.5692760582313 -117.902883942692 63.1046764027418
45.3749860865089 -3.51703068901957 63.1270019348449
45.5755617131636 128.548410725571 63.1473899670343
46.2742246330002 190.620174904118 63.1660680102639
46.8923077394684 107.983786967573 63.1832270961465
47.2129898533387 69.3340210896597 63.1990219298992
47.4650391849933 50.3920769702089 63.2135703378193
47.5718468668563 -7.63524892983629 63.2269608595184
47.3573035393602 -83.3653459175396 63.239258013516
47.1403204671447 -7.61445816766596 63.2505075886833
47.1915823964371 4.16742369908239 63.2607406982538
47.0350595611011 -71.7821965904527 63.2699767796547
46.7722042861734 -55.1888161146905 63.2782258537236
46.4928527682274 -96.9522460145552 63.2854902527368
46.0738092820168 -85.4311522347624 63.2917660238263
45.9419415291477 26.2756010994369 63.2970452886645
46.2547549088229 107.317017234358 63.3013191006478
46.5108357343163 -14.0405263690951 63.3045781960736
46.1692813466851 -120.411717051547 63.3068130038475
45.8350890475912 -26.606980221892 63.3080130026297
45.9472516573105 69.1585551244665 63.3081656801801
46.2626715462335 79.4650872320984 63.3072549903837
46.5667090153293 70.7486604263279 63.3052589722958
46.8133832372859 51.0627919023899 63.302146458784
46.9595085987324 19.862783806097 63.2978725089813
46.9511864143697 -26.043126436232 63.2923720503247
46.7745681999121 -53.6762486944401 63.285551447901
46.5889998428947 -36.9329962135971 63.2772776087899
46.4618039483353 -31.4810191364102 63.2673640465189
46.3039000635304 -47.9648243016589 63.2555530801478
46.0955691032664 -54.0533602776337 63.2414929039884
45.8864321882595 -48.86964335299 63.2247320157402
45.7049791149438 -43.2675650402164 63.2048177258408
45.5523041172204 -25.3850040838592 63.1993288938781
45.5601306348711 32.0191158025463 63.2262699519112
45.7740906658198 65.1092029985227 63.2495118151057
46.022155072868 58.5655334205235 63.2689496449278
46.2469317294724 53.5105547130342 63.2844973604034
46.4228534583251 28.1214332763584 63.2960854118055
46.4682772111269 0.80021825974799 63.3036691744024
46.482672651704 11.1690282964886 63.3072425383554
46.5637626702923 22.887234425056 63.3068556332502
46.5511330115072 -42.2591769171105 63.3026349583619
46.2070218707696 -115.312585901812 63.2947830566666
45.8541261399603 -39.0041711201708 63.2835387149973
45.9289213078412 66.3507894858986 63.2691559948762
46.2644223927178 86.7876613796442 63.251892706046
46.5805894859168 71.1625583438698 63.2320002119835
46.8443990178107 56.8664950875071 63.209714585545
46.9566464117011 -8.59642923956569 63.1934896691502
46.7879471913485 -65.9100251000552 63.1920472500038
46.508308788399 -68.0184596467633 63.1937318742191
46.2365792095204 -70.2636200514776 63.1932151801479
45.9421211080745 -70.5865919379936 63.1901868442043
45.8014833743677 13.8772436553862 63.184695936249
46.0509260767736 96.4091519493529 63.1768127436974
46.410248177905 73.4405145791055 63.1666233380498
46.6549993303729 57.1500157742073 63.1542254040544
46.9279490103407 84.157661832387 63.1397239149355
47.3333925698256 114.629576647892 63.1459644923352
47.8061775173155 119.575526558572 63.1531518407643
48.2753425060607 112.543337963623 63.1574398197629
48.6729045396283 82.154514831777 63.1588746379336
48.9370239197233 53.7697033141408 63.1575236925649
49.1443773051166 54.5167639882181 63.1576107810475
49.3487052274118 38.3783542694169 63.1583384518989
49.3971762248292 -14.8848023846382 63.1566739400128
49.2789317277332 -33.6777229839035 63.1530855337366
49.1810326765318 -16.9268961249701 63.1560133224111
49.1268873046314 -8.87012822019293 63.15704766179
49.1495554153914 26.410857351154 63.1561989005704
49.3516678162719 69.9925789032851 63.1534978141121
49.6534570553871 77.5833637700291 63.1489972039667
49.9644496022801 77.044915131212 63.1427735105421
50.2525864116729 65.1936025573185 63.1572815739399
50.4693769557625 40.8656958716297 63.1749611052819
50.5365498059103 -12.5796528136594 63.1900025708702
50.3595418568858 -71.3904845297365 63.2023544021021
50.02607662035 -89.9586413271154 63.211993293034
49.6554374687305 -94.9890984717664 63.2189250997315
49.2784808168673 -92.5582065234381 63.2231843151583
48.9204356854704 -84.4434574648741 63.2248321084483
48.633101297394 -57.3537728533569 63.2239530284461
48.4546487702075 -33.5413773542301 63.2279922095341
48.3607173882968 -12.1077924525277 63.2383323944268
48.3830149903233 25.8837056303492 63.2474737761722
48.5693513454154 64.2539796093838 63.25542411616
48.8541230574053 73.947899854911 63.2622058688779
49.1469089624728 72.6446999132127 63.2678552722579
49.4294428565194 66.5932332530748 63.2724220078748
49.655322852662 39.9766511004485 63.2759706457647
49.7231739377653 -2.86856159796028 63.2785824074866
49.6760688343906 -17.8992148750022 63.2803487933593
49.5881323834303 -26.8042629197941 63.2813627630117
49.4578817027557 -33.3703151169123 63.2817096419318
49.3716297598169 -7.06148054621421 63.2814585866045
49.3780732339289 5.23015867216487 63.2806554366335
49.3986034754182 5.23434945385797 63.2793176817532
49.4245316818611 7.94729449917041 63.2774320842817
49.4606220821528 9.04769712218712 63.274955220977
49.4877497869783 4.02980318305109 63.2718168802555
49.486849840016 -4.8073005120449 63.2679259355784
49.4533778995652 -9.29664184658333 63.2631780496812
49.4596287198469 16.9433192452029 63.2574644074406
49.5784894250381 35.5273033671095 63.250680561554
49.6758467778331 7.55114542480106 63.2427342640755
49.648119302428 -16.8669472324939 63.2335500888821
49.544372024879 -36.5744841244348 63.2230670492926
49.3621491287045 -48.0851793903008 63.2112405670567
49.2511680126347 0.957695218008763 63.198049801782
49.370781730236 50.5769496600814 63.1835015090036
49.5619284975787 38.3773952191702 63.1676316848838
49.6787806340125 22.3549526374453 63.1534675434195
49.752191236442 14.9472902824554 63.1475869091438
49.7969573212767 6.73186759329929 63.1403788542656
49.798245910854 -5.92626576253792 63.1319783564967
49.7615436275483 -10.3612821184954 63.1225377504554
49.7262115159914 -6.6968401013735 63.1197090856556
49.7087927647131 -2.22037705113841 63.1530889148614
49.7056051609271 0.0985508599867302 63.1858340441669
49.7066623422415 0.46995272302558 63.217786450106
49.7093513018444 0.142503059581737 63.2487475144707
49.7043376495785 -2.8963182197635 63.2784938181725
49.6817591699396 -9.90836293245138 63.3067933805571
49.6127905512323 -24.5608166018332 63.3334206438886
49.5072963321527 -22.9122678157268 63.3581682788049
49.4601345412412 0.286887505951871 63.3808546058325
49.4973820877064 15.7430907794341 63.4013247999142
49.5772899522342 23.905285906894 63.4194524803413
49.6851770004542 29.1958062103435 63.4351419430035
49.8073137247089 31.4734936756904 63.4483316209941
49.935089223189 31.9948631716504 63.4832676257634
50.0582818318986 28.8274670076716 63.5174055110309
50.158471537247 20.1386105660879 63.5488244634292
50.2034441762436 0.41474467341452 63.5774311073694
50.1608988396664 -19.9147369259114 63.6031511442958
50.0606328287916 -29.0191805783964 63.6259316500166
49.9355884270265 -32.7178289536541 63.645739705696
49.8045979209093 -32.2652646053213 63.6625617836801
49.679525047349 -29.4267366256757 63.6764030193354
49.5788216539206 -19.7944193079526 63.6872868886044
49.5263957883271 -6.34978521669646 63.6952573327923
49.5265674473456 5.97583118045023 63.700378909377
49.5677049857703 13.9054473915897 63.7081416724091
49.6339199671266 18.7110740313719 63.7129394954027
49.7144478099653 21.3586751873817 63.714469491056
49.8054028478978 24.2671858075614 63.7127152986596
49.9081456703882 26.8956764237411 63.7077010385372
50.0185230473946 28.1613793336415 63.7090689040894
50.1318080003738 28.2143567916133 63.7101751980804
50.2410304665214 25.7960635400953 63.7088874746395
50.3325515560106 19.4718287544425 63.7053526515354
50.3968353131172 12.9946949003291 63.6997043573703
50.4360967765173 6.30879374983001 63.6977333218905
50.4424040886013 -4.67548547060475 63.6996049181232
50.3833893493937 -25.4442374605983 63.6999725969384
50.2510951014173 -37.8208804535884 63.6989699248328
50.0953248784634 -39.1666908401143 63.6967574227453
49.9435680992921 -36.1524156933296 63.6935155784626
49.8075787653702 -31.444763959704 63.6894389060413
49.6953240371838 -24.6479916991714 63.6847311142655
49.6065762176818 -20.1116314440211 63.6796031039862
49.5335705216864 -16.4008083787544 63.6742774987659
49.4762042959404 -12.1575626286532 63.669757117161
49.4367330931675 -7.56659463534065 63.6700945646251
49.4161808990604 -2.69120107902772 63.6710249809336
49.414854698769 1.94027565356109 63.6716620333091
49.4297861692031 5.1810350622341 63.6710228006542
49.4546994942222 7.27677354767069 63.669155861053
49.4905923266424 11.2210706389302 63.6661046246684
49.5456724459024 15.9219509256803 63.6619064870457
49.6148427781499 18.9666522575267 63.6565944557041
49.7017183257469 24.6674900363405 63.6668612663165
49.8097467269599 28.7700710001854 63.6872939597042
49.9267404217066 29.1269252021533 63.7077154089813
50.0393958957318 27.0667045285762 63.7279914309927
50.1444697613086 25.9297983581495 63.7479803497075
50.248914172174 26.0777706114067 63.7675298900627
50.347755704143 22.4677275012565 63.7864767858755
50.4236077468407 15.2691150430036 63.8046464618681
50.4678802785466 6.37665323817464 63.8218543295082
50.4693158810114 -7.01635660689753 63.8379082318564
50.3929064286332 -32.8028390540264 63.8526103374229
50.214232688678 -53.2230438437386 63.865770006291
49.9905107298633 -57.0537859566065 63.8772167160153
49.7658620659619 -54.6051752404347 63.8868057646643
49.5585282223892 -48.1775389908345 63.8944218752859
49.3904016877963 -34.6598026002019 63.8999782097966
49.2867777171454 -17.2433345862713 63.9034124970448
49.2478732805822 -2.75405917531441 63.904687280138
49.2611864655293 9.19115660320658 63.9037899727796
49.3229053844712 22.4551329527154 63.900731595851
49.4446549714072 37.8127127766894 63.8955442387654
49.6162252277272 46.9261283147965 63.8882773830466
49.8134154443742 50.8542324554128 63.8789932915764
50.0155128281742 49.4870240522762 63.8677615280161
50.2049467974256 44.5391041282768 63.8546529136946
50.3674402518785 36.1605806498434 63.8397429495837
50.4908394585159 25.2118271205955 63.823115484116
50.5636774587776 9.81776670879021 63.8048689379446
50.5629821466499 -9.87350351421922 63.7851296264757
50.4945250320146 -22.8977182803106 63.7640528357235
50.384473374312 -32.0989491769913 63.7418194712654
50.2303706933362 -46.2738522606066 63.7387382965015
50.0125541532532 -61.1628563043784 63.7509480422907
49.7554110555117 -66.2728759848834 63.7625902958171
49.4898497740573 -65.1322126180347 63.7737985493122
49.2422026885195 -57.9445812008497 63.7846628802698
49.0325451603828 -45.9415296927731 63.7952237033898
48.8822647897571 -28.8074546204953 63.8054630625346
48.8042195347297 -9.08084889311439 63.8152904974101
48.8213773727241 18.1547222891533 63.8245309044694
48.9394907540216 38.4511625359184 63.8329642973397
49.1176564546385 49.9290699161236 63.8403769747483
49.3333581529468 57.0375344188288 63.8465830760627
49.5662271306744 58.3437799859435 63.8514358972738
49.7941402397871 54.6394791349327 63.8548258710111
49.9958021433195 45.1139886870292 63.8566761743558
50.1427533329858 25.8957967103699 63.8569379010361
50.189259212058 -2.68447557274188 63.855585469674
50.1326352635065 -23.7963814728137 63.8526121569643
50.0063449950833 -38.696531242108 63.8480261897767
49.8285161548977 -49.6480188323955 63.841847737796
49.6132161759688 -57.0473779924619 63.8341042639251
49.3825820810073 -57.2245007661502 63.824819030821
49.1616290237995 -52.4974020444797 63.8140076291994
48.970561800371 -41.9677758475342 63.8016792366924
48.83741521241 -22.6017776685492 63.787837734597
48.797995125971 2.92900056199879 63.7724849894836
48.8635002005009 30.5038028785718 63.7556229427714
49.0391983712497 55.2573783412064 63.737253409087
49.2844447904979 65.4999342139066 63.7173765771921
49.5513079312836 66.7549065186581 63.6959918611067
49.8088984417046 60.8762067061402 63.6731091816905
50.0320444960949 49.8811136824592 63.648754675459
50.2034567705102 35.6526338303818 63.62297244363
50.3119920621991 16.9523348186483 63.595825693783
50.330909150623 -7.23797062722843 63.5673971580483
50.2615208715148 -27.4232567384255 63.5377886658985
50.1076315694052 -48.9261109795027 63.5071187612128
49.8877607100248 -58.3175799584061 63.4754943802725
49.6491733648976 -60.355043957676 63.4429647517526
49.4131069461932 -56.5658339782539 63.409518667963
49.2059659662555 -44.8461797871089 63.3750971589528
49.0694702133044 -23.2268377643533 63.3396026257572
49.0118062327941 -6.75856597129586 63.3029027690941
49.0129319818447 7.34008880196144 63.2648322336702
49.0755219276353 25.2021111765898 63.2314242451377
49.2189228418319 45.9858851434637 63.2350501936235
49.4316477907477 58.9088859718881 63.2351143429758
49.6801786099151 63.8351916258161 63.2315551176345
49.9312510966886 60.7222890862055 63.2243715544114
