1 3797 23424 533.512720262415 63.8763338052872
2 3797 23424 147.741135484995 64.0481719203092
3 3797 23424 498.221534055459 63.7192556911074
4 3797 23424 51.0881818382646 64.1059626808182
5 3797 23424 56.044686256759 63.8225246781185
6 3797 23424 387.173441868862 63.7072964670725
7 3797 23424 339.942042115664 63.8796496144353
8 3797 23424 315.090425726367 63.8733958517167
9 3797 23424 411.018147432351 63.7409859546484
10 3797 23424 33.1570416194277 63.7145501895175
11 3797 23424 385.053427365423 63.9882335904026
12 3797 23424 418.633804759722 63.7148296427752
13 3797 23424 356.355859831764 63.7413299443302
14 3797 23424 153.498299325872 64.5824046784945
15 3797 23424 261.658109952519 63.7235556053439
16 3797 23424 554.104379041231 63.8674651868409
17 3797 23424 52.3245811141883 63.7672542038194
18 3797 23424 478.832908346908 63.7271332953002
19 3797 23424 418.967609098221 63.7086917059799
20 3797 23424 44.7806142230523 63.9005982185111
21 3797 23424 343.160984829586 63.7518172044044
22 3797 23424 49.331278268462 63.9034396182068
23 3797 23424 438.499578618359 63.7337779145413
24 3797 23424 338.002305615063 63.8766618347914
25 3797 23424 282.482171903597 63.7072631133821
26 3797 23424 453.788154552658 63.705780639853
27 3797 23424 454.663509144493 63.7435213394708
28 3797 23424 413.53046209005 63.7423958389858
29 3797 23424 449.111118356554 63.7134069274515
30 3797 23424 59.0340089717387 64.0767269078571
31 3797 23424 293.490687975365 63.8852860915477
32 3797 23424 352.063168931665 63.7174081735884
33 3797 23424 44.2571613445605 63.8413693857558
34 3797 23424 1.66324461992591 63.8752746491867
35 3797 23424 369.9820648825 63.7172484683229
36 3797 23424 340.390830726323 63.6975897705611
37 3797 23424 503.469615320741 63.720833133499
38 3797 23424 476.637725816717 63.7067767580169
39 3797 23424 386.157226449584 63.6488713137548
40 3797 23424 411.372088328532 63.7205055387506
41 3797 23424 523.994768733977 63.6798624887983
42 3797 23424 279.475990448701 63.7172643740016
43 3797 23424 487.822394022092 63.6884671313906
44 3797 23424 444.606099606054 63.7214974874065
45 3797 23424 294.85010736412 64.1279371099187
46 3797 23424 400.113490845528 63.7235867196603
47 3797 23424 360.054107359206 63.7876483668375
48 3797 23424 532.908577570555 63.8322187475677
49 3797 23424 402.740629976838 63.7201417032803
50 3797 23424 546.297069123179 63.8819470076207
51 3797 23424 329.558356678618 63.7484602508369
52 3797 23424 382.084888268883 63.7491141907254
53 3797 23424 48.8137973348603 63.7384508281441
54 3797 23424 288.365135890887 63.7117473579831
55 3797 23424 46.23750653119 63.7759366009557
56 3797 23424 54.6657347416842 63.8103902436445
57 3797 23424 511.713354619415 63.7223385084018
58 3797 23424 31.5058553872007 63.8534689390045
59 3797 23424 444.165077186465 63.7298476727964
60 3797 23424 420.119632981024 63.6743860247682
61 3797 23424 354.128406317164 63.7176166889783
62 3797 23424 406.35236467005 63.7246366874462
63 3797 23424 521.904481309498 63.7219501705812
64 3797 23424 300.198534623666 63.6862854745767
65 3797 23424 55.3209956117721 63.7038644699563
66 3797 23424 58.6375728442507 63.93120912353
67 3797 23424 357.410991384762 63.8675119916888
68 3797 23424 42.637400500134 63.8648306441892
69 3797 23424 51.576830955271 63.7820061835389
70 3797 23424 245.847379037344 63.8845094919313
71 3797 23424 51.1625516500214 63.6936434346668
72 3797 23424 445.274675926759 63.8810240527804
73 3797 23424 329.833869002551 63.7078604680452
74 3797 23424 58.3600382027707 63.8558595517029
75 3797 23424 44.3063239553405 63.709004211316
76 3797 23424 54.7270894263599 63.8611529229337
77 3797 23424 461.389443327992 63.7059726404045
78 3797 23424 34.9489593395335 63.7361760830241
79 3797 23424 30.4601378966197 63.723197239006
80 3797 23424 52.6176285095918 63.710754799057
81 3797 23424 41.2776315683086 63.7652636017636
82 3797 23424 272.263539749574 63.7380529249124
83 3797 23424 278.802892574005 63.7202228508673
84 3797 23424 240.264510719954 63.7247859275859
85 3797 23424 411.356683170947 63.7237816618885
86 3797 23424 55.9098047115708 63.7080471322228
87 3797 23424 16.3500468395752 63.7200662624321
88 3797 23424 49.2153424675558 63.7860478754048
89 3797 23424 32.8514907396712 63.7212340190403
90 3797 23424 442.146861675413 63.8516617900169
91 3797 23424 524.829213016174 63.8395101315205
92 3797 23424 511.943884493362 63.7117362567693
93 3797 23424 49.3616237284279 63.9663997849522
94 3797 23424 499.743257881721 63.808740082503
95 3797 23424 60.6978736874992 63.7324586836113
96 3797 23424 485.943352694825 63.7536293321301
97 3797 23424 330.307701894167 63.7045313559926
98 3797 23424 474.638496739065 63.7156686146725
99 3797 23424 54.366729537323 63.76181623355
100 3797 23424 534.484963211506 63.9517700689867
101 3797 23424 374.213833190293 63.7475066245928
102 3797 23424 470.334490647212 64.8855854635462
103 3797 23424 44.1940387838401 63.7786698214632
104 3797 23424 367.501233593956 63.7153634349175
105 3797 23424 412.157601404189 63.8173060858399
106 3797 23424 551.404981140194 63.7181421681098
107 3797 23424 471.299941454246 63.7118468181139
108 3797 23424 44.3844118047524 63.7646697080832
109 3797 23424 51.0133618261567 63.9641423585361
110 3797 23424 285.378893018845 63.8065249270678
111 3797 23424 431.091727688336 63.7580522030176
112 3797 23424 57.3426812128028 63.8469880516629
113 3797 23424 46.2523218548546 63.806517773915
114 3797 23424 350.506344838653 63.7165391150057
115 3797 23424 496.329498319939 63.7175892427086
116 3797 23424 397.96328880434 63.8458134260426
117 3797 23424 56.0178854242412 63.6923195258729
118 3797 23424 522.493475605333 63.7236562893147
119 3797 23424 377.325351308706 63.6995583157883
120 3797 23424 410.262028374758 64.0073294244226
121 3797 23424 382.330472962328 63.7150773019587
122 3797 23424 38.0482887692124 63.7491278778696
123 3797 23424 426.4269836781 63.7092092371715
124 3797 23424 287.658383284582 63.7021734544779
125 3797 23424 53.969608208728 63.8075061546019
126 3797 23424 414.851790650974 64.0806320622459
127 3797 23424 541.650919651272 63.7758224586975
128 3797 23424 57.7771664761621 63.7372940132308
129 3797 23424 401.810282725002 63.8543181674261
130 3797 23424 566.553529283688 63.6925334820058
131 3797 23424 56.0275776997697 63.8653740360126
132 3797 23424 384.55539372415 63.6345644087764
133 3797 23424 321.382290970198 63.7168250926253
134 3797 23424 47.7746096272902 63.7488802697702
135 3797 23424 550.564870953627 63.8561421895049
136 3797 23424 451.012601240692 63.7091796085631
137 3797 23424 381.994446764017 63.7207858157711
138 3797 23424 527.331814386012 63.8715487346331
139 3797 23424 362.393429816656 63.7163303362359
140 3797 23424 379.25834879357 63.7110371471199
141 3797 23424 479.463034249658 63.7298745380009
142 3797 23424 222.256590171894 63.7274820760197
143 3797 23424 402.638828911821 63.7154217484383
144 3797 23424 349.048252526823 63.8460446683524
145 3797 23424 514.029293493965 63.6918149858917
146 3797 23424 43.2660021675224 63.6982404651442
147 3797 23424 303.442168189505 63.7070894650089
148 3797 23424 424.879600298799 63.7191299653613
149 3797 23424 523.03950132909 63.7098696025375
150 3797 23424 351.305283783737 63.70862227614
151 3797 23424 46.8394126412645 63.8408950194032
152 3797 23424 51.283889452934 63.9206829880096
153 3797 23424 350.394341638965 63.7735610412197
154 3797 23424 308.318635525116 63.9029450004815
155 3797 23424 54.2765836295496 63.6432730008904
156 3797 23424 393.335516573019 63.694746890366
157 3797 23424 377.470377333651 63.6786126912226
158 3797 23424 48.5908676969449 63.6762875462901
159 3797 23424 388.299407221608 63.6686309046712
160 3797 23424 57.6070171584194 64.6023665146975
161 3797 23424 260.477275431111 63.717223415978
162 3797 23424 432.972726433411 63.9910462308847
163 3797 23424 405.326957818988 63.727030211024
164 3797 23424 279.694689594226 63.7185393638388
165 3797 23424 452.73036741959 63.7223356542804
166 3797 23424 51.2855484500814 63.7935213769137
167 3797 23424 59.1185033492515 63.6987230543124
168 3797 23424 51.7254116574461 64.032496251307
169 3797 23424 60.7476674675888 64.166987314448
170 3797 23424 433.461787693997 63.7478177106024
171 3797 23424 37.9623459304462 63.8507369583657
172 3797 23424 460.587547709991 63.7290247611512
173 3797 23424 453.069613008819 63.7099674417374
174 3797 23424 470.614503595834 63.7155422587316
175 3797 23424 415.503139538619 63.9098029797228
176 3797 23424 459.006651931084 63.7076159836716
177 3797 23424 38.4849060309395 64.0292293017188
178 3797 23424 179.397818164883 63.6888343631721
179 3797 23424 391.636426646399 63.930155101507
180 3797 23424 515.921320461427 63.893680029755
181 3797 23424 557.161413133782 63.7091265377007
182 3797 23424 53.1771564358894 64.0803146211591
183 3797 23424 389.613617968057 63.7034826158585
184 3797 23424 338.801036588814 63.6265552186629
185 3797 23424 517.5213489829 63.760327829247
186 3797 23424 54.4265522157889 63.8773141766218
187 3797 23424 527.759363307638 63.9206702642503
188 3797 23424 59.4976335700469 64.1431730989728
189 3797 23424 414.646272384038 63.7098923181926
190 3797 23424 44.5614485423536 63.6260679586397
191 3797 23424 531.693653743989 63.7182686510673
192 3797 23424 292.195638103472 63.8200029142799
193 3797 23424 530.932798256668 63.7116105850643
194 3797 23424 538.306367864396 63.775779204546
195 3797 23424 379.629260649285 63.7226447441929
196 3797 23424 447.223559810878 63.7077621176532
197 3797 23424 374.098599981953 63.7176000267884
198 3797 23424 23.666252769193 63.7272364276739
199 3797 23424 324.16521905217 63.9295381555845
200 3797 23424 41.3291497090886 63.8054980424606
201 3797 23424 502.041024754609 63.9174678290003
202 3797 23424 55.9754383480928 63.7993808375719
203 3797 23424 440.209859615624 63.7234479637838
204 3797 23424 34.9173639240265 63.72586082338
205 3797 23424 57.8839954799099 64.5359384561943
206 3797 23424 553.698507460745 63.8127043536459
207 3797 23424 356.885863803388 63.7192173319522
208 3797 23424 344.435457927318 63.8870259784356
209 3797 23424 261.696080707852 63.7350142336758
210 3797 23424 485.908073744544 63.7197028921728
211 3797 23424 465.105440798606 63.743940832693
212 3797 23424 466.852043368294 63.7208494991355
213 3797 23424 492.054847750849 63.720516663732
214 3797 23424 49.4525719656423 63.8603868581231
215 3797 23424 61.8797137562976 63.8064337267321
216 3797 23424 58.1208862754621 64.0375896208973
217 3797 23424 487.916012475052 63.7085417174413
218 3797 23424 233.069226800728 63.7183945094873
219 3797 23424 414.98954878337 63.8676649948554
220 3797 23424 419.835510468874 63.8774270818827
221 3797 23424 400.664237697235 63.9456221389238
222 3797 23424 377.153158959711 63.715198167665
223 3797 23424 50.9300148354575 63.8514316634985
224 3797 23424 49.3457191931018 63.7014649564601
225 3797 23424 51.1677611055407 63.6980403100732
226 3797 23424 49.3676023610779 63.7258872196249
227 3797 23424 45.8833449981665 63.7408949655911
228 3797 23424 196.739729664775 63.8210911833465
229 3797 23424 441.024674488187 63.9377046433823
230 3797 23424 516.243018560234 63.7563245465488
231 3797 23424 408.704032661909 63.6774161322725
232 3797 23424 451.122160970432 63.7082690998335
233 3797 23424 283.049023502039 63.9067785567094
234 3797 23424 54.4777338016484 63.7859647693737
235 3797 23424 46.5948281817306 63.7648026066616
236 3797 23424 546.020291103084 63.6986724475933
237 3797 23424 455.185699156808 63.7069730486483
238 3797 23424 313.336980619096 63.696065837464
239 3797 23424 550.449408767466 63.6567980414024
240 3797 23424 48.9368325436605 64.050548947167
241 3797 23424 49.1858053858478 63.8442269483762
242 3797 23424 59.9403970773704 64.5096398110488
243 3797 23424 57.6452782113735 63.7371577148351
244 3797 23424 58.4553228610843 63.6785004521235
245 3797 23424 500.691959796139 63.716381781173
246 3797 23424 409.126473241582 63.9693446913491
247 3797 23424 54.1546198158371 64.4040805269478
248 3797 23424 413.997101756664 63.875517769723
249 3797 23424 423.275853630433 64.0204506450525
250 3797 23424 570.471700381193 63.7041004369578
251 3797 23424 332.048264443137 63.7698420334382
252 3797 23424 336.384016259938 63.7161940567658
253 3797 23424 546.120930092913 63.7238441225865
254 3797 23424 56.7621208247688 63.809647212371
255 3797 23424 55.1657405328186 63.7527798272396
256 3797 23424 566.225990570942 63.7153464894991
257 3797 23424 324.830046033095 63.7018139381285
258 3797 23424 438.319498474234 63.7303246536213
259 3797 23424 359.229983175885 63.7161143138273
260 3797 23424 54.7300990076899 63.8270043231853
261 3797 23424 42.6682858503979 63.725765288862
262 3797 23424 53.3652782871116 63.7483188921986
263 3797 23424 49.2995113563069 63.8906696358594
264 3797 23424 511.999426066248 63.7266509265992
265 3797 23424 552.015722429263 63.7049234620655
266 3797 23424 41.5750658612701 63.7116178913627
267 3797 23424 469.562918677978 63.7130250948948
268 3797 23424 550.858870447228 63.7158007210867
269 3797 23424 554.221152672479 63.7952709730659
