1 28815 19944 403.209078405845 63.7137845075611
2 28815 19944 521.735544959376 63.6931561701281
3 28815 19944 501.283794452406 63.7129667944368
4 28815 19944 339.427055980945 63.7166562594934
5 28815 19944 418.811717712728 63.7380379933817
6 28815 19944 451.679624855247 63.7085621409702
7 28815 19944 318.885618083685 63.711991547046
8 28815 19944 391.620063327886 63.7076649735775
9 28815 19944 550.437255860542 63.8089116015408
10 28815 19944 102.396130639499 64.3282980571256
11 28815 19944 496.827678267596 63.7157890168315
12 28815 19944 424.178961999218 63.7971026219496
13 28815 19944 304.966220494189 63.8450930444413
14 28815 19944 131.870544300324 63.7985789603659
15 28815 19944 493.629855836074 64.036137885692
16 28815 19944 303.717251325449 63.7069415825749
17 28815 19944 521.75757115621 63.7231091208627
18 28815 19944 315.683248199605 63.677599895453
19 28815 19944 413.372445222829 63.7094970776597
20 28815 19944 312.170248041092 63.7741087141271
21 28815 19944 462.019344538861 63.6251525832363
22 28815 19944 541.536283517765 63.7423563593339
23 28815 19944 444.834392798827 63.7087632135461
24 28815 19944 41.2527280776553 63.7076121264883
25 28815 19944 378.938439491774 63.8115970465893
26 28815 19944 551.300362853173 63.77394458321
27 28815 19944 424.318406362712 63.7147890099928
28 28815 19944 436.850572703778 63.9311158585848
29 28815 19944 395.864463120575 63.7486968549647
30 28815 19944 60.5751222612003 64.4210794574352
31 28815 19944 55.9696992472093 63.7981089361434
32 28815 19944 373.164885231196 63.7128685639841
33 28815 19944 355.951094240578 63.7309448810438
34 28815 19944 328.460068442536 63.7157231394243
35 28815 19944 503.795822143247 63.7047799358538
36 28815 19944 440.933820496519 63.8206898688139
37 28815 19944 536.649856900388 63.782578801017
38 28815 19944 489.968299105132 63.9291489946849
39 28815 19944 557.996181860768 63.7291249141631
40 28815 19944 346.462011114653 63.6957094692823
41 28815 19944 52.9107497860323 63.8750530093287
42 28815 19944 54.9403125964624 63.7208878193678
43 28815 19944 33.9346365268475 63.7271224614806
44 28815 19944 532.455627330822 63.713285683714
45 28815 19944 435.298481404044 63.8111504748215
46 28815 19944 358.507117656564 63.7581557956009
47 28815 19944 47.4499070302928 64.0697368269727
48 28815 19944 364.84488052418 63.8442569540371
49 28815 19944 46.7290101788002 63.7148112854605
50 28815 19944 352.426233898477 63.7049593685413
51 28815 19944 400.35277217631 63.7230854416348
52 28815 19944 32.0931083875824 64.3115892754018
53 28815 19944 46.1851703776785 63.7166339988393
54 28815 19944 472.972072685003 63.6435573670682
55 28815 19944 50.9942563294439 63.7019438211999
56 28815 19944 359.758353458071 63.7128360611688
57 28815 19944 565.983580717474 63.7208078274006
58 28815 19944 474.484269433931 64.006207867459
59 28815 19944 552.892850831713 63.7104144308305
60 28815 19944 17.5621716328977 63.7050636272917
61 28815 19944 404.268250717354 63.648531766196
62 28815 19944 473.33119104197 63.9740862475451
63 28815 19944 103.6594641487 64.8165431490376
64 28815 19944 479.217469228837 63.7138552501429
65 28815 19944 463.061161964573 63.7268145441266
66 28815 19944 360.412778344873 63.7149996315096
67 28815 19944 45.6581126309257 63.7085917496277
68 28815 19944 62.2909597585157 64.5684155224788
69 28815 19944 22.6467680162638 63.7891032272136
70 28815 19944 465.683610340598 63.8585984379137
71 28815 19944 47.8790617540338 63.9059293157008
72 28815 19944 381.366138194944 63.7796999711039
73 28815 19944 295.329966237872 64.2692707392192
74 28815 19944 41.2965048710386 63.910289250052
75 28815 19944 491.246286416072 63.6979421678683
76 28815 19944 352.076793532339 63.7085161049697
77 28815 19944 326.51061331698 63.7155872874293
78 28815 19944 57.7882033445449 63.696264451026
79 28815 19944 409.233287874095 63.8648462689852
80 28815 19944 55.8954320684826 63.7099005815196
81 28815 19944 59.2561914884043 64.3249398447703
82 28815 19944 333.340720866629 63.7318377291166
83 28815 19944 479.627456167719 63.7558484702271
84 28815 19944 517.16290107799 63.8105918804707
85 28815 19944 541.271633256762 63.7213682216556
86 28815 19944 332.967470619813 63.7214107018211
87 28815 19944 349.990723033209 63.7055988637553
88 28815 19944 147.441505296132 65.5602334914993
89 28815 19944 464.897072694634 64.0118985895136
90 28815 19944 513.777627198727 63.7217605313037
91 28815 19944 376.751758487188 63.7244253379103
92 28815 19944 407.07078055553 63.6900288734023
93 28815 19944 391.866741330802 63.7412578593896
94 28815 19944 417.874639250042 63.8581289997957
95 28815 19944 152.174698863266 63.8879296345421
96 28815 19944 423.719416188477 63.7259163643408
97 28815 19944 309.594531480276 63.6944201758405
98 28815 19944 473.228406773614 63.7140117365202
99 28815 19944 398.218238359068 63.7121790091496
100 28815 19944 120.111870552356 63.7108100218367
101 28815 19944 353.80959224113 63.7061208537773
102 28815 19944 257.167313167097 63.7291328783814
103 28815 19944 128.50070965329 63.7822629673409
104 28815 19944 389.785102377633 63.6254697168793
105 28815 19944 559.446201133039 63.7947955098102
106 28815 19944 542.105223750486 63.741617107613
107 28815 19944 55.869850946787 63.8560857780002
108 28815 19944 55.266140883651 63.6856085759372
109 28815 19944 352.527462256946 63.7742205602894
110 28815 19944 56.2707646618824 63.6478458362987
111 28815 19944 47.8888313809038 63.6902053845224
112 28815 19944 510.045806349437 63.724219636124
113 28815 19944 489.182142846093 63.719148763155
114 28815 19944 493.265014915977 63.7915421892412
115 28815 19944 448.165740761578 63.7158558345358
116 28815 19944 54.721279325833 63.8172295269922
117 28815 19944 356.513725799364 63.7177702342635
118 28815 19944 456.733823028765 63.7177103389306
119 28815 19944 388.222071508537 63.758713135398
120 28815 19944 397.381249895503 63.7167786799942
121 28815 19944 52.2704633511081 63.7569075851453
122 28815 19944 531.482406284745 63.8925287862792
123 28815 19944 48.0132758372021 63.9233100841206
124 28815 19944 344.603660475508 64.3943090457569
125 28815 19944 49.6853745075261 63.7569030365442
126 28815 19944 536.163107671525 63.714491119057
127 28815 19944 502.700024494633 63.7224485660009
128 28815 19944 510.800012967215 63.73300365327
129 28815 19944 323.262848184939 63.7143180603321
130 28815 19944 358.401323756215 63.773475202703
131 28815 19944 392.170927283413 63.7396678715484
132 28815 19944 47.5541235483149 63.7976727780747
133 28815 19944 421.507057206699 63.7524870332916
134 28815 19944 409.110149914342 63.7148745892576
135 28815 19944 60.4055835491296 64.0247736724593
136 28815 19944 516.185881441254 63.6848358914655
137 28815 19944 58.5190233902302 64.0956774246619
138 28815 19944 400.64546352862 63.8620181756773
139 28815 19944 346.914194188421 63.792150044914
140 28815 19944 492.229125280953 63.9283229779153
141 28815 19944 474.205022746638 63.7250617349562
142 28815 19944 573.412638765825 63.6955092287299
143 28815 19944 57.9857589648195 63.864514114708
144 28815 19944 509.989536898497 63.7278708246703
145 28815 19944 54.4847430758596 63.7331907080629
146 28815 19944 52.8137160826729 63.7807667858014
147 28815 19944 537.013124364147 63.7217148049342
148 28815 19944 409.415232663715 63.7187729812541
149 28815 19944 542.344276914347 63.7861863004242
150 28815 19944 51.3538088920253 64.1578223728923
151 28815 19944 523.446852882275 63.7823127126884
152 28815 19944 -431.05846078187 63.7156776802531
153 28815 19944 58.7250280700622 63.6855228526741
154 28815 19944 489.452328506528 63.7611841992656
155 28815 19944 38.2253460645356 63.8871858899639
156 28815 19944 58.3031438001796 63.9438850354915
157 28815 19944 481.538954553433 63.8664051846032
158 28815 19944 49.3568544246674 64.038028057016
159 28815 19944 287.457770812379 63.6973380705283
160 28815 19944 259.099944786036 63.7381935043892
161 28815 19944 464.628015553482 63.6896765482012
162 28815 19944 37.8180311132251 63.8232959472071
163 28815 19944 47.7729335929831 63.7171646376658
164 28815 19944 411.578227700094 63.7246251513389
165 28815 19944 50.9710408537254 64.0674010527339
166 28815 19944 49.2049683469234 63.8541739140839
167 28815 19944 288.176245252409 63.864014394931
168 28815 19944 453.898115612319 63.7047186199041
169 28815 19944 338.831095172633 63.7320722775113
170 28815 19944 51.3554068959344 63.7029990365494
171 28815 19944 292.333221695771 63.9058392570907
172 28815 19944 372.190297126942 63.7088088179981
173 28815 19944 538.948148992547 63.7136045472893
174 28815 19944 545.542592385967 63.8646483398865
175 28815 19944 331.74458308426 63.847885491912
176 28815 19944 456.943799121967 63.7066581116276
177 28815 19944 496.170984135288 63.6534250600468
178 28815 19944 57.7517931127261 64.1885406281895
179 28815 19944 552.013553945402 63.7013265488202
180 28815 19944 38.2085246234038 63.8474008838526
181 28815 19944 364.119791800296 63.713776295886
182 28815 19944 415.861051021985 63.8063152534587
183 28815 19944 307.209341108946 63.7315816677376
184 28815 19944 463.809212626258 63.8355141214707
185 28815 19944 443.79333879814 63.7161369095059
186 28815 19944 327.475866836671 63.8432103887072
187 28815 19944 469.030373622458 63.7167467322287
188 28815 19944 400.648044546517 63.8370616289616
189 28815 19944 53.6349172523025 63.7206993340979
190 28815 19944 43.7965804944071 63.7369622143025
191 28815 19944 473.098943569149 64.0232125930492
192 28815 19944 535.35520252047 63.8882140064664
193 28815 19944 447.216253713272 63.7366023872877
194 28815 19944 412.870146553005 63.7170693969872
195 28815 19944 401.311565863253 63.7568117849472
196 28815 19944 397.711548073711 63.74665475159
197 28815 19944 460.879826796926 63.7341983681199
198 28815 19944 338.120682894962 63.7698298254656
199 28815 19944 52.4502998458398 63.6222455715984
200 28815 19944 434.199388043187 63.7260798647863
201 28815 19944 370.987244613033 63.7959702508719
202 28815 19944 384.693000796353 63.8516977452216
203 28815 19944 340.690315357573 63.7085837601564
204 28815 19944 562.825725107786 63.7123290998343
205 28815 19944 56.1460104134261 63.7142916057585
206 28815 19944 293.025820416619 63.7688293290897
207 28815 19944 58.9163653534552 63.9104278875803
208 28815 19944 389.470837401988 63.6992575774628
209 28815 19944 554.107770946335 63.9156131025323
210 28815 19944 334.004633682779 63.6977311916353
211 28815 19944 278.51842463284 63.8968019906957
212 28815 19944 240.180333421039 63.9446300188812
213 28815 19944 454.413040155172 63.6549238959486
214 28815 19944 387.206061401284 63.7183715798779
215 28815 19944 463.629184802976 63.7165005681044
216 28815 19944 42.3662986709786 63.7348944790582
217 28815 19944 58.3034688110564 63.7386105422852
218 28815 19944 355.653368922603 63.8836314563698
219 28815 19944 509.631735425575 63.7157190103234
220 28815 19944 415.158618665682 63.9960324791993
221 28815 19944 279.829263309334 63.7001794558714
222 28815 19944 516.018179458243 63.7203657045323
223 28815 19944 538.687106635645 63.7297417392455
224 28815 19944 117.984475040304 64.2099565492781
225 28815 19944 534.778452348824 63.740136593628
226 28815 19944 299.889701374084 63.8254355838554
227 28815 19944 98.0233396444305 64.2552311295307
228 28815 19944 548.355499650034 63.7152962537574
229 28815 19944 401.020013142568 63.7341579416293
230 28815 19944 37.7178236849219 63.7381251515673
231 28815 19944 301.311294067135 63.709098434091
232 28815 19944 489.563852437919 63.6961406019341
233 28815 19944 379.926578567145 63.7314339888098
234 28815 19944 527.071576935563 63.6825198942697
235 28815 19944 56.5036077240847 63.815784246297
236 28815 19944 380.721776279777 63.6928556401259
237 28815 19944 329.134715879678 63.7598602724432
238 28815 19944 533.43338746138 63.7209532373689
239 28815 19944 341.769773581166 63.6979040360342
240 28815 19944 60.4839671012027 64.0933423146371
241 28815 19944 430.552664418571 63.8143398073119
242 28815 19944 57.3520024111629 63.6921219102224
243 28815 19944 507.027654385452 63.7065585575785
244 28815 19944 55.0554554591458 63.7141786256589
245 28815 19944 483.381046722016 63.9061693298856
246 28815 19944 47.5942287657069 63.8187092813676
247 28815 19944 540.03813145363 63.7981974323016
248 28815 19944 54.7865813600174 63.922854521804
249 28815 19944 508.070212616072 63.7587367191935
250 28815 19944 44.3627610745257 64.1845366190521
251 28815 19944 390.228137122832 63.706935992446
252 28815 19944 415.252032934888 63.7565604057687
253 28815 19944 480.897805267404 63.7952017900685
254 28815 19944 423.582144400939 63.7576661663534
255 28815 19944 494.672790272254 63.67297151187
256 28815 19944 17.3660967969146 63.7236083540674
257 28815 19944 381.77118180662 63.7217375732258
258 28815 19944 540.266572596554 63.8611244044412
259 28815 19944 418.251763375583 63.7120120490518
260 28815 19944 553.62851689679 63.733295922074
261 28815 19944 42.6399654747785 63.7987773891974
262 28815 19944 437.410111691099 63.7099723008908
263 28815 19944 429.413945065998 63.7169215474974
