1 6326 24312 410.170742927908 63.7415630684251
2 6326 24312 425.126897287778 63.6947728821521
3 6326 24312 507.308804193358 63.9125891359019
4 6326 24312 292.093748959276 63.7770237547953
5 6326 24312 53.0188402525144 63.7325442590337
6 6326 24312 288.439864356887 63.7477293167682
7 6326 24312 51.1397057060341 63.9549023719929
8 6326 24312 313.735283401863 63.7668055325674
9 6326 24312 500.690359909957 63.7377174066277
10 6326 24312 559.469809944188 63.7028427387895
11 6326 24312 429.363658773826 63.7116309648953
12 6326 24312 386.008358059708 63.7179108291466
13 6326 24312 500.868751263447 63.8270231268167
14 6326 24312 461.32330292542 63.7046055198809
15 6326 24312 491.139113074374 63.7051991674881
16 6326 24312 53.9170450583526 63.8181402926835
17 6326 24312 335.660071631369 63.7320771094839
18 6326 24312 426.874962904488 63.6921509609843
19 6326 24312 418.546917108231 63.8115501905688
20 6326 24312 47.8696045337224 63.9968278449104
21 6326 24312 55.8805895570226 63.8865882450531
22 6326 24312 41.1924864119133 63.7343165671044
23 6326 24312 402.869964080914 64.1214017711144
24 6326 24312 52.8509654193384 63.7927527523027
25 6326 24312 424.682128146588 63.7040834121089
26 6326 24312 470.389884552657 63.7774730850358
27 6326 24312 346.856694009079 63.7036938182985
28 6326 24312 416.786057248609 63.8590740311982
29 6326 24312 520.44707799439 63.7496363304388
30 6326 24312 481.376381397124 63.7645834705078
31 6326 24312 305.624029632525 63.7297387328182
32 6326 24312 528.654964048218 63.7077832666463
33 6326 24312 502.562938320548 63.7035912078331
34 6326 24312 364.413515876708 63.719215462193
35 6326 24312 53.3517444875405 63.7274476391716
36 6326 24312 52.6563359674011 63.6604496324685
37 6326 24312 430.081142154061 63.7016353764887
38 6326 24312 551.639431913623 63.7348905635488
39 6326 24312 400.309127500708 63.698171506581
40 6326 24312 504.363303077862 63.726604038583
41 6326 24312 480.147876603332 63.8523834754483
42 6326 24312 279.559735174383 63.7039323400135
43 6326 24312 535.445580515056 63.8016144097791
44 6326 24312 524.557465789271 63.6904641586862
45 6326 24312 406.64666368398 63.705032042161
46 6326 24312 336.610867176741 63.7409413246906
47 6326 24312 487.715900939026 64.2222308166075
48 6326 24312 488.339285075621 63.8299568871309
49 6326 24312 49.3649005351756 63.8420801724016
50 6326 24312 432.949628696967 63.7136924159344
51 6326 24312 548.083503909735 63.7615620108278
52 6326 24312 47.5147129868982 64.0912152240476
53 6326 24312 378.523061315573 63.8881967662313
54 6326 24312 506.41277086299 63.8571218493747
55 6326 24312 497.049953357817 63.9326716172369
56 6326 24312 51.4768529536795 63.684515809376
57 6326 24312 357.268285524062 63.893772871387
58 6326 24312 47.3905831936528 63.9038275177486
59 6326 24312 556.169388382671 63.761165833803
60 6326 24312 52.7576571820757 63.8309399662362
61 6326 24312 292.177600659962 64.0341679374189
62 6326 24312 346.051723184737 63.7404794717402
63 6326 24312 534.945888433689 63.6867242891328
64 6326 24312 374.683011170507 63.7232356290504
65 6326 24312 481.476045098107 63.6964108261909
66 6326 24312 364.420901290724 63.7191898164332
67 6326 24312 49.4538359425146 63.9208728137408
68 6326 24312 507.424511462659 63.9086176413829
69 6326 24312 254.097365826698 63.7187857367689
70 6326 24312 55.8979901557999 63.9698832193058
71 6326 24312 533.986587337718 63.8373378448458
72 6326 24312 479.434667577257 63.8742087590113
73 6326 24312 555.840368463791 63.9247440165183
74 6326 24312 61.7346575728499 64.6190953725133
75 6326 24312 360.594502515868 63.8939793049509
76 6326 24312 372.788178052915 63.7348261958298
77 6326 24312 500.355433335239 63.7066844815915
78 6326 24312 491.546081505453 63.8458685918595
79 6326 24312 57.1038693631397 63.7066324635758
80 6326 24312 564.824524330307 63.9512498442956
81 6326 24312 510.674077254742 63.743132419138
82 6326 24312 64.3811986173059 64.6711376785685
83 6326 24312 323.025073265297 63.714866342856
84 6326 24312 566.43285564316 63.7339012502169
85 6326 24312 58.4116604795229 63.7921433947709
86 6326 24312 387.976459081142 63.6901233884466
87 6326 24312 382.278575299305 63.6912617227453
88 6326 24312 466.316277908185 63.7168098883211
89 6326 24312 449.480547506338 63.8773925405217
90 6326 24312 56.3018991476721 64.0418322013492
91 6326 24312 364.974420129007 63.7972712901868
92 6326 24312 301.699196295112 63.8504539279209
93 6326 24312 498.363039883863 63.7173873962134
94 6326 24312 373.861824596161 63.7163012465366
95 6326 24312 244.701507205748 63.6994841914684
96 6326 24312 59.3392391299151 64.5799759201651
97 6326 24312 546.600779448201 63.7588996442405
98 6326 24312 419.280843938339 63.9826232565459
99 6326 24312 496.351654703033 63.6943854802238
100 6326 24312 381.240848791253 63.7197620111474
101 6326 24312 85.0535254340039 64.8461530869954
102 6326 24312 58.1044015428763 63.8638280796633
103 6326 24312 60.6693758286381 63.7938048277175
104 6326 24312 28.4240273282171 63.7294363163952
105 6326 24312 41.7481021787531 63.876512372362
106 6326 24312 401.92218317009 63.7978674259318
107 6326 24312 343.718812302405 63.7485335522007
108 6326 24312 481.594443061084 63.7229977858457
109 6326 24312 384.660633201005 63.974016783405
110 6326 24312 42.8666211976373 63.8222522364889
111 6326 24312 558.250019138987 63.706469489559
112 6326 24312 269.407805322066 63.7192303710103
113 6326 24312 332.130548276329 63.8109664304977
114 6326 24312 402.526401523091 64.2744609119091
115 6326 24312 49.5115452188964 63.8306997003895
116 6326 24312 516.04067331013 63.8451437199286
117 6326 24312 452.171900042736 63.6971798364979
118 6326 24312 483.266878288862 63.7113413395467
119 6326 24312 342.51328488132 63.74215744712
120 6326 24312 349.520297434069 63.7083568063522
121 6326 24312 52.4131368424972 63.7757558246253
122 6326 24312 419.265475943341 63.7021626513199
123 6326 24312 32.6106371853753 63.7164881579801
124 6326 24312 457.805286700162 63.7907535754792
125 6326 24312 151.942251084799 63.7706345441698
126 6326 24312 51.207659223223 63.7250376944078
127 6326 24312 484.40147331112 63.718027592523
128 6326 24312 386.233377843517 63.7190889310986
129 6326 24312 55.8125765172806 63.6217885605417
130 6326 24312 54.6992931530155 63.9328001465752
131 6326 24312 403.986589196503 63.9332213227804
132 6326 24312 457.338508302689 63.8623030466864
133 6326 24312 307.991141756203 63.8907737499289
134 6326 24312 51.0073650461463 63.8540404487625
135 6326 24312 538.407248674658 63.9024296686942
136 6326 24312 388.362257347611 63.6773123444776
137 6326 24312 57.4232377878777 63.9885042662431
138 6326 24312 475.831261588815 63.6998697692232
139 6326 24312 512.182678327268 63.7055375526551
140 6326 24312 50.4479060636595 63.7544292403579
141 6326 24312 417.343286741425 63.7174239667838
142 6326 24312 31.3272484913814 63.7333076967152
143 6326 24312 53.2701086263606 63.7340729595727
144 6326 24312 323.862325900774 63.7225755442767
145 6326 24312 469.776001028957 63.8026150833612
146 6326 24312 391.467857566394 63.6920511179301
147 6326 24312 322.75247599921 63.7209042305696
148 6326 24312 38.4695595207587 63.8544338884565
149 6326 24312 512.047719022516 63.8399138982325
150 6326 24312 466.69770463945 63.7182589724705
151 6326 24312 450.971059344221 63.7898873277433
152 6326 24312 518.973093787126 63.87105752595
153 6326 24312 352.386435566547 63.7060375204099
154 6326 24312 384.40843135576 63.719753427333
155 6326 24312 457.882672964141 63.8532138113083
156 6326 24312 355.490378291218 63.682005637824
157 6326 24312 325.37052740023 64.5072956403172
158 6326 24312 356.453093495604 63.7083024734021
159 6326 24312 496.464092962416 63.7122720476479
160 6326 24312 531.458014362285 63.8306941565814
161 6326 24312 42.5720707693967 63.7225204514823
162 6326 24312 357.000842083613 63.7171938775238
163 6326 24312 56.0883032645002 63.8805875537923
164 6326 24312 355.282735533688 63.7162042773423
165 6326 24312 56.067189462301 64.0755258092159
166 6326 24312 397.816583660537 63.8876108824742
167 6326 24312 46.0123848229722 63.8248946691883
168 6326 24312 419.54171207771 63.7210958562232
169 6326 24312 397.009202475248 63.8109799260025
170 6326 24312 54.5982250205516 63.8415555943433
171 6326 24312 359.684414097162 63.782113104183
172 6326 24312 270.600005235565 63.8135249013398
173 6326 24312 336.860224597329 63.7084483097317
174 6326 24312 44.573331213338 63.7215015578387
175 6326 24312 307.81207869609 63.7182737537077
176 6326 24312 406.380758835736 63.8420435890106
177 6326 24312 341.75008016575 63.901943570449
178 6326 24312 306.131066444954 63.7733536833062
179 6326 24312 278.7587144721 63.7855348423359
180 6326 24312 498.51500768349 63.6908141794518
181 6326 24312 59.7318359844433 63.8143376571049
182 6326 24312 29.912030002326 63.7964690102624
183 6326 24312 528.848050233731 63.7184226014509
184 6326 24312 282.906292907836 63.8428232089267
185 6326 24312 56.3724302202668 63.9326058435544
186 6326 24312 402.786988875851 63.7225486589646
187 6326 24312 380.807578854153 63.7136891857172
188 6326 24312 532.725130117008 63.7301597657636
189 6326 24312 418.76051413233 64.03170504153
190 6326 24312 511.61530902394 63.7154417069286
191 6326 24312 490.140029272043 63.8510984118949
192 6326 24312 320.462895332694 64.07704305883
193 6326 24312 359.945910525089 63.710795194868
194 6326 24312 554.490949946071 63.7353712593239
195 6326 24312 45.814307407369 63.7213990969869
196 6326 24312 52.8091493705491 63.6976006323671
197 6326 24312 25.2762501961658 63.7321106345383
198 6326 24312 513.504696488815 63.6850394877691
199 6326 24312 312.98241202732 63.8478015927649
200 6326 24312 451.752503590028 63.8315925934733
201 6326 24312 34.5082948389825 63.8518361357857
202 6326 24312 482.51070168617 63.8767460188305
203 6326 24312 47.4072351373131 63.7278878305874
204 6326 24312 418.607151414181 63.8806059470153
205 6326 24312 449.912899351129 63.7531709710258
206 6326 24312 379.015898766288 63.6982375422512
207 6326 24312 55.9181885767623 63.731971961962
208 6326 24312 554.415029933282 63.675175659156
209 6326 24312 514.439546233728 63.7425574010099
210 6326 24312 363.19173693974 63.8216505505025
211 6326 24312 294.699231563909 63.7547333153456
212 6326 24312 505.7024612114 63.7011062143618
213 6326 24312 49.4103898547756 64.1945425131452
214 6326 24312 390.244646782533 63.8740712187633
215 6326 24312 386.492783995733 63.8227337679761
216 6326 24312 56.2196009196264 63.8583962154435
217 6326 24312 416.676482734911 63.738091028343
218 6326 24312 336.197127326758 63.7638307474769
219 6326 24312 50.9134750387721 63.697768568722
220 6326 24312 510.511833923187 63.8435444844631
221 6326 24312 429.480757156574 63.8130484353254
222 6326 24312 368.916079540294 63.7034524139192
223 6326 24312 490.85973216077 63.7111289089824
224 6326 24312 52.4274239348889 63.7849725158787
225 6326 24312 499.0697762353 63.8699449650546
226 6326 24312 478.657966487169 63.7125094311925
227 6326 24312 300.621137789675 63.7479902553666
228 6326 24312 435.071239223964 63.8825129184185
229 6326 24312 295.630607251093 63.8773543641342
230 6326 24312 28.1156696673963 63.723388229441
231 6326 24312 23.8977502558747 63.7398337917414
232 6326 24312 44.5124051239908 63.7680487707867
233 6326 24312 59.6910892063743 63.8025153774824
234 6326 24312 557.136541948993 63.730025389408
235 6326 24312 405.505568143914 63.7507175386561
236 6326 24312 386.616159700079 63.8521136050598
237 6326 24312 541.541275676496 63.9335609563134
238 6326 24312 363.064820231367 63.7832908098035
239 6326 24312 320.20076131794 63.7132777414391
240 6326 24312 389.990278151187 63.6586492178047
241 6326 24312 47.7617837646925 63.9036924186957
242 6326 24312 455.069210614559 63.829267235228
243 6326 24312 565.236034987397 63.8077771156535
244 6326 24312 409.553970636261 63.7141276449613
245 6326 24312 476.920696071749 63.708740979129
246 6326 24312 538.994529727987 63.8718068510808
247 6326 24312 382.464694256649 63.7208513717926
248 6326 24312 341.422903642981 63.7050317019582
249 6326 24312 546.27860301842 63.9581243769183
250 6326 24312 405.183050900129 63.7117905638718
251 6326 24312 564.050811989196 63.7029809781779
252 6326 24312 464.303334388748 63.7185096630029
253 6326 24312 52.5332151483947 64.0092471756377
