1 14897 31811 366.068774785105 63.7474004509608
2 14897 31811 468.71964269564 63.7102365424278
3 14897 31811 363.754562814297 63.8859498543776
4 14897 31811 47.7716734177637 63.9428385982536
5 14897 31811 520.716711563778 63.7166543130165
6 14897 31811 35.7703864371133 63.7446879103523
7 14897 31811 56.2468195657945 63.8907048957501
8 14897 31811 52.7202105798278 64.0005678887863
9 14897 31811 391.880180103404 63.756377523447
10 14897 31811 543.402905829276 63.714779139011
11 14897 31811 456.812859590994 63.7070136344093
12 14897 31811 504.896956540747 63.7152251574985
13 14897 31811 521.330777955323 63.8900200455839
14 14897 31811 52.6686919424218 63.9213207722598
15 14897 31811 516.648221462909 63.7164078408842
16 14897 31811 536.065485045576 63.8776955471061
17 14897 31811 383.375358965102 63.7292091435781
18 14897 31811 47.7358798799856 63.8350957771678
19 14897 31811 366.731670188261 63.6806111842359
20 14897 31811 436.886367487888 63.7184546457985
21 14897 31811 56.3073309682579 63.727055188452
22 14897 31811 401.538699197694 63.7199822230249
23 14897 31811 52.4713138141367 63.8473000034131
24 14897 31811 544.733749713233 63.7472206246487
25 14897 31811 345.843077327379 63.697435347095
26 14897 31811 513.818407524595 63.9087142429163
27 14897 31811 313.991000532754 63.7215415528345
28 14897 31811 328.601100896742 63.8764754693629
29 14897 31811 485.395766420823 63.72403455055
30 14897 31811 55.6851182751316 63.6959116224333
31 14897 31811 381.648117392704 63.8855367207138
32 14897 31811 45.805697549997 63.7817028647654
33 14897 31811 40.9688361907835 63.9876366494415
34 14897 31811 341.642008138752 63.85837285197
35 14897 31811 272.046226526483 63.7262120380666
36 14897 31811 47.9873987898555 63.8147890510682
37 14897 31811 333.601087378666 63.7740369909058
38 14897 31811 559.075235461866 63.7127302863106
39 14897 31811 322.962340054212 63.7194096491945
40 14897 31811 539.480063725991 63.7206459776775
41 14897 31811 49.5048701386174 63.7373848663575
42 14897 31811 412.858888316306 63.7176404143963
43 14897 31811 52.9549257493183 63.9462145868283
44 14897 31811 431.394228487505 63.7142797359554
45 14897 31811 341.513573227582 63.7081878567773
46 14897 31811 345.213643263997 63.8228048789033
47 14897 31811 265.866577093272 63.7591472063418
48 14897 31811 413.020644400773 63.9148729881127
49 14897 31811 55.4236265276184 63.8649043690145
50 14897 31811 285.427639308536 63.7200972813659
51 14897 31811 34.6753603741916 63.8334036111764
52 14897 31811 46.2224097759591 63.9387352126135
53 14897 31811 237.881682380056 63.8095582502448
54 14897 31811 56.0697178357774 63.9282078147056
55 14897 31811 56.5921084713733 63.8626557175456
56 14897 31811 530.526594793242 63.7932713162135
57 14897 31811 530.561839442911 63.6705582843867
58 14897 31811 31.4649954811558 63.721668733964
59 14897 31811 464.123992460899 63.8441086918692
60 14897 31811 36.0151438858395 63.737117199627
61 14897 31811 60.4629481998343 63.6835017656806
62 14897 31811 48.2935508163798 63.7036989246668
63 14897 31811 474.189544296721 63.8124232436751
64 14897 31811 383.048799199486 63.7773845975785
65 14897 31811 358.333555699739 63.9209884941399
66 14897 31811 55.8421795384518 63.7064351291587
67 14897 31811 437.209910198012 63.7842838609509
68 14897 31811 51.1303903575818 63.8617794019382
69 14897 31811 52.6472274026385 63.7798058439968
70 14897 31811 400.601886224419 63.7156128592517
71 14897 31811 52.3044728602499 63.8319220357119
72 14897 31811 161.750989943957 64.926850067484
73 14897 31811 416.88154841241 63.717199113691
74 14897 31811 395.919000363845 63.8662613445688
75 14897 31811 323.859565115245 63.7719553667189
76 14897 31811 56.6236571723057 64.1890233228924
77 14897 31811 247.900637813957 63.8379317924429
78 14897 31811 526.263568550848 63.7178200937716
79 14897 31811 49.8981749132592 63.9357701523417
80 14897 31811 36.4983298306229 63.7363023269226
81 14897 31811 292.446301686567 63.7840254162121
82 14897 31811 386.378889553938 63.7503027266444
83 14897 31811 416.072290223106 63.8064004232657
84 14897 31811 375.707180776769 63.9090703571172
85 14897 31811 52.8413128675539 64.0323956359692
86 14897 31811 405.60833063504 64.2607260668289
87 14897 31811 54.9924339943027 63.8351940555979
88 14897 31811 57.4985476614557 63.7312907514528
89 14897 31811 245.178462811702 63.7005652430196
90 14897 31811 520.849336782985 63.8700829390368
91 14897 31811 436.047799370703 63.7105400235145
92 14897 31811 341.183518366341 63.850126067934
93 14897 31811 305.764311983346 63.716289264397
94 14897 31811 367.885881804525 63.835873461907
95 14897 31811 458.973831801707 63.6926241238373
96 14897 31811 558.549123079631 63.9395329138329
97 14897 31811 484.796683984947 63.6930595538805
98 14897 31811 66.2228294081573 64.3329970192716
99 14897 31811 62.2995818755301 64.8961399513331
100 14897 31811 59.9516802764376 63.9226079598014
101 14897 31811 58.0908321213545 64.1303267762275
102 14897 31811 316.37837024454 63.6949337776138
103 14897 31811 396.522006583251 63.7156215911846
104 14897 31811 557.94592972724 63.853630907476
105 14897 31811 47.7559068997864 63.9087888389318
106 14897 31811 45.988025994038 63.7242733623203
107 14897 31811 407.676179293441 63.7149807654159
108 14897 31811 349.253157062216 63.6902591786496
109 14897 31811 47.591229424048 63.7534810041919
110 14897 31811 304.122016849732 64.3126818436107
111 14897 31811 478.284218562432 63.6946898425283
112 14897 31811 427.407942105159 63.7239435749275
113 14897 31811 39.398692362737 63.8774283856419
114 14897 31811 60.0113247437972 63.9823466837822
115 14897 31811 489.641661415512 63.7163636738521
116 14897 31811 512.636971194906 63.7113862334243
117 14897 31811 418.702256280094 63.7921699127864
118 14897 31811 492.3919476167 63.7010221438026
119 14897 31811 454.45261231439 63.7544908109356
120 14897 31811 53.0490833196773 63.720695940715
121 14897 31811 508.461669265783 63.7671331471779
122 14897 31811 303.975064551849 63.8858609780263
123 14897 31811 23.4802545178297 63.7216781112196
124 14897 31811 56.2281943560845 64.0705895909634
125 14897 31811 339.209355046617 63.7285395949037
126 14897 31811 400.315881058317 63.7238942731564
127 14897 31811 51.1475763335512 63.6886357245211
128 14897 31811 49.6088997677636 63.8276485260835
129 14897 31811 56.5941451407535 63.8985064543489
130 14897 31811 54.6312080659219 63.8331215031224
131 14897 31811 330.488514413393 63.7150330577174
132 14897 31811 55.4179041378966 63.8607631957788
133 14897 31811 495.841604468281 63.7122338297049
134 14897 31811 466.807966935884 63.7675930426485
135 14897 31811 273.1167307659 63.6736125434546
136 14897 31811 472.126299575228 63.7116464920206
137 14897 31811 46.4338060383962 63.8907709317626
138 14897 31811 394.147109470941 63.7902856795331
139 14897 31811 41.0205435558438 63.7045149603285
140 14897 31811 436.585664656924 63.7681974065476
141 14897 31811 381.748410900978 63.705673249507
142 14897 31811 403.82773221003 63.7773733692727
143 14897 31811 359.316249864332 63.7398378523308
144 14897 31811 500.198003827768 63.7057629203868
145 14897 31811 522.660453006087 63.7189063261909
146 14897 31811 56.0616873411483 63.8520550527784
147 14897 31811 314.218152597739 63.908454827558
148 14897 31811 358.847323689584 63.7003448200925
149 14897 31811 41.474643066276 63.8600059634707
150 14897 31811 376.414413816169 63.8733521341816
151 14897 31811 51.0109342812724 63.7407439668615
152 14897 31811 335.131978621897 63.9149758932857
153 14897 31811 59.4365391034816 63.6966566336679
154 14897 31811 52.5206338412119 63.7537466073703
155 14897 31811 49.6042658821957 63.6441485502622
156 14897 31811 495.741229135577 63.7881319806415
157 14897 31811 502.40602252549 63.8408546283933
158 14897 31811 45.8853363037079 63.9158739527043
159 14897 31811 510.360877728353 63.8674015817627
160 14897 31811 391.033859416475 63.7109711727139
161 14897 31811 273.38230752082 63.8994537031789
162 14897 31811 54.4350412288774 64.1533773799915
163 14897 31811 548.881491529591 63.6496493014196
164 14897 31811 380.794781284802 63.7155928196962
165 14897 31811 509.131249201594 63.7441708441926
166 14897 31811 52.7518359119661 63.9245159684689
167 14897 31811 36.1020549506975 63.8116912651236
168 14897 31811 550.50712505853 63.7566764646894
169 14897 31811 54.1954826076451 63.8641755877279
170 14897 31811 493.313991955384 63.6506465998776
171 14897 31811 46.1626528032843 63.714519667346
172 14897 31811 300.52654129179 63.7178561181859
173 14897 31811 36.5312657201409 63.7262456054608
174 14897 31811 414.48041983903 63.7099090160969
175 14897 31811 55.3245800514006 63.7323403686688
176 14897 31811 337.741820031027 63.7289746200365
177 14897 31811 215.253885688801 63.691410109813
178 14897 31811 307.643621790694 63.8449481789605
179 14897 31811 444.574654444629 63.8639835176042
180 14897 31811 433.357798212954 63.7209357055166
181 14897 31811 430.013350264413 63.7354981872844
182 14897 31811 466.320731817508 63.7316522099061
183 14897 31811 265.264869079078 63.7205204577508
184 14897 31811 277.0573634795 63.7159978187523
185 14897 31811 512.211567203107 63.7008860209109
186 14897 31811 47.8258194536302 63.8685210069559
187 14897 31811 290.124305231882 63.7191005518665
188 14897 31811 533.974957598308 63.8942104150735
189 14897 31811 382.410705522658 63.6553368908971
190 14897 31811 502.084476586933 63.6631583362422
191 14897 31811 369.250144581186 63.708955746456
192 14897 31811 31.4336219783537 63.6715659348973
193 14897 31811 57.8602055642633 63.9248033245366
194 14897 31811 54.5972269572438 63.8348130370334
195 14897 31811 571.19149275198 63.7201731542156
196 14897 31811 52.7886000361609 63.8418820272632
197 14897 31811 459.524521315414 63.885325551805
198 14897 31811 387.72572008748 63.7531567064833
199 14897 31811 465.537785858743 63.6888301633451
200 14897 31811 501.001489547574 63.9321016484072
201 14897 31811 52.6218854056859 63.8294379069884
202 14897 31811 496.93536442568 63.7203893539384
203 14897 31811 541.989180460779 63.8450728672092
204 14897 31811 54.5256786042144 63.9166213809496
205 14897 31811 355.170437506765 63.7043682581441
206 14897 31811 57.0734190283169 64.0820315188668
207 14897 31811 435.630313952422 63.7322749838757
208 14897 31811 54.6982448005558 63.7877668194014
209 14897 31811 433.155007015367 63.7956422779837
210 14897 31811 102.656308471617 63.870963101006
211 14897 31811 529.65983454884 63.8683190877167
212 14897 31811 289.337918946893 63.6880761731551
213 14897 31811 481.615696821744 63.8526798701084
214 14897 31811 58.7679064532574 63.6951815607498
215 14897 31811 437.636163534077 63.8346295131532
216 14897 31811 49.5074116950355 63.7048566024236
217 14897 31811 547.855719704563 63.7218767042242
218 14897 31811 50.8790671242473 64.0267980608981
219 14897 31811 507.052478246911 63.7155319732764
220 14897 31811 57.6126738963219 63.7466218304373
221 14897 31811 486.150199853156 63.6429671630482
222 14897 31811 450.750923985102 63.7787864604542
223 14897 31811 452.360969364232 63.664400030206
224 14897 31811 346.856362374715 63.69760106413
225 14897 31811 49.1754612164741 63.7545720159423
226 14897 31811 541.292248390368 63.8503620517278
227 14897 31811 501.502444006298 63.8127924569845
228 14897 31811 44.5141435283662 63.74018067225
229 14897 31811 497.652961772939 63.8529273909825
230 14897 31811 56.0723843971767 63.810949871327
231 14897 31811 59.4979944110786 63.6683524246422
232 14897 31811 532.601608403793 63.7233406774696
233 14897 31811 383.737160558116 63.8437636736194
234 14897 31811 365.738455937234 63.7165021260383
235 14897 31811 414.833444927873 63.7146092837529
236 14897 31811 375.198295588185 63.8098559044244
237 14897 31811 57.7558745231675 63.8124709551333
238 14897 31811 50.7751314987137 63.9286088023499
239 14897 31811 467.767766957079 63.6971644526318
240 14897 31811 56.1468373313682 63.8641412877785
241 14897 31811 490.144828295391 63.6897392756989
242 14897 31811 460.636860486682 63.9304117928797
243 14897 31811 45.7998395501592 64.1759604269855
244 14897 31811 390.685093220428 63.857161949188
245 14897 31811 467.343474741868 63.847351566285
246 14897 31811 50.9412195532869 63.7922721268547
247 14897 31811 458.808681157127 63.814347457937
248 14897 31811 456.750482604648 63.7193653342419
249 14897 31811 319.994456976521 63.7156281310828
250 14897 31811 542.864398344244 63.9070060023791
251 14897 31811 59.239158159598 63.8913473439974
252 14897 31811 242.222087468243 64.2692213426772
253 14897 31811 367.066057180347 63.7121376041898
254 14897 31811 49.5760669037312 63.8055050173776
255 14897 31811 443.65198390858 63.7101387815236
256 14897 31811 484.791462251344 63.7167377924112
257 14897 31811 53.4480888525836 63.9203804807382
258 14897 31811 52.5014800170778 63.7525964907009
259 14897 31811 450.503955653232 63.8273745742408
260 14897 31811 57.601294489831 64.0147803722347
261 14897 31811 456.036940348943 63.726703685642
